10722 7323 2194 3334 10989 9517 14019 4052 8564 4312 10496 
12561 6328 4228 2971 2486 7577 2806 6644 15420 14083 7734 
2908 6357 3637 3158 5321 903 3199 9385 5602 10501 13202 
6766 7496 926 9337 15410 5968 4702 122 7858 12831 14941 
13217 5732 1605 7908 6445 10586 7411 13008 4682 10517 3418 
2362 4799 11447 474 9926 9263 9774 14915 11672 12690 13108 
6535 9124 3733 8696 2665 4515 7221 11236 5556 5475 14280 
887 3169 11201 6983 4604 13304 5754 14255 6912 13986 6199 
7608 3065 2200 899 13126 13639 9625 10438 7573 14672 2534 
6896 1070 5964 13071 4923 10143 4195 116 11969 10146 10828 
13970 1797 723 1498 4325 10394 12072 14137 7813 3232 3274 
1961 4566 10953 8915 13232 13156 13928 4532 8668 12811 4318 
9381 5878 1534 12328 12646 12387 6479 11893 6953 7589 11346 
12741 8541 14011 5173 10816 14371 14122 10642 13199 8262 10675 
13046 6867 3372 12267 5746 12651 4959 3026 12331 2326 200 
10708 15087 7348 10958 3598 3709 11279 11082 1515 15081 13403 
989 12828 13270 10897 6523 803 4680 4990 1829 13987 14231 
4535 7375 11336 1565 7128 12226 13222 8993 6281 3397 12303 
8898 8111 15438 13599 2191 8877 5953 7232 14609 6055 819 
11382 1295 1787 14773 8586 11834 7126 4857 1955 5943 14507 
12437 4024 3505 16 8710 10813 6121 15057 3072 7297 1183 
816 7579 15202 13251 7527 13594 11152 1065 13712 14482 12163 
14094 6591 11300 3658 4683 13600 5386 5207 2371 8409 15008 
9870 315 10629 6436 10123 14174 2714 4610 13280 878 2137 
2264 959 2187 11367 14552 12689 1786 13154 15173 14445 6421 
2899 2903 9009 12201 11393 9832 852 2276 2918 8434 13328 
13728 2821 12434 7720 5429 15442 2890 9709 5242 53 1191 
3458 5129 6978 13263 11872 1640 11422 4393 12604 4989 11337 
13068 6753 9999 5302 6426 15107 1406 13127 13227 6434 6884 
15401 4483 9271 13231 999 14731 5215 3075 1237 8954 3564 
9197 4222 4850 3600 6801 5693 1842 12516 13632 6843 11158 
13544 6029 4590 10398 9815 6344 2528 11119 12427 12709 2287 
2834 2018 6954 1187 461 9082 11126 11177 3726 9087 3926 
11854 4828 13476 10628 2392 6338 11222 12852 7414 9143 8441 
2331 14110 8829 5888 2781 172 9717 14327 15128 15076 4151 
11310 12480 14062 9243 8167 11121 8658 11789 4192 2945 4025 
6428 10603 14572 4858 4650 7150 978 8023 13140 9061 14601 
7029 833 7786 7050 2397 11970 15324 799 6053 11383 5883 
7427 9695 11842 6955 14523 14931 8071 9074 12971 12125 1079 
3172 14838 14861 8236 12489 7440 8062 13969 4507 13272 11380 
2208 6587 1675 11159 4949 6802 9718 7825 186 10201 12927 
11895 2968 3843 11659 9585 12921 7676 11516 8270 3250 8811 
11266 6417 14842 4878 10328 1184 7943 9390 10846 5812 880 
14639 360 5520 517 6928 2194 3334 12460 15010 10690 9322 
187 10855 6242 3814 15083 10578 8502 2154 11793 13397 13038 
15418 4030 8368 7163 6631 5833 9000 14338 873 5745 1246 
8829 13630 11377 8628 5403 12418 12816 14668 7436 421 5422 
8007 5933 37 11873 9633 10414 14785 2119 11644 12171 1277 
7018 11477 2571 6518 3670 4823 14357 5816 10375 14676 251 
7029 13060 656 8829 1686 14526 1546 4690 5031 11976 4423 
15419 10251 7948 3930 2552 8468 11748 12989 3998 10141 10985 
3877 6701 12873 9434 8296 15138 3150 7896 1946 3565 3177 
7459 9095 7487 9029 13153 595 8836 4890 637 4324 11410 
8571 4283 4545 11144 7148 2027 6376 13249 13077 14817 11239 
13741 12918 5802 13444 238 14434 8008 5336 3249 14959 4518 
14694 10454 9789 7096 7888 14856 4220 3374 8460 11639 5182 
6808 15363 3834 3448 4330 4047 13538 10593 5940 14442 12800 
14283 4611 6532 1719 7471 13250 3121 5533 8555 11766 7865 
10785 3266 4640 12368 4606 14629 6466 13472 13731 9686 7346 
13545 3017 3381 10615 14358 10856 5525 2390 14717 11311 5090 
3130 1723 10040 11250 9420 499 917 4055 11837 8982 3780 
952 3129 2170 10717 13053 323 14596 3931 10289 5222 10210 
9963 801 5790 8526 3587 30 7721 2513 739 14886 4965 
575 8747 9086 4567 9540 9586 9578 5271 6493 13945 14395 
9137 11805 5834 10965 15346 4759 12602 4207 15305 6323 6418 
9981 14097 9883 9037 6536 5248 6835 1064 8112 8344 9492 
8975 11299 14776 9587 11142 13937 9349 8255 6033 11343 8957 
2877 5330 4930 3186 6489 57 11253 5100 2404 4529 15432 
5062 11180 2092 4919 12397 9013 8966 3349 9127 4657 15168 
4798 15043 7557 10747 12372 2765 7155 10517 7914 6923 7257 
2232 3320 14720 1641 12773 11990 3446 9432 8661 1274 5715 
6604 4720 7937 13683 14562 8582 12933 4709 10820 7850 8785 
4199 8580 6528 13420 4386 1805 13177 12221 8864 4995 6098 
15258 6556 15381 10183 14667 1127 9100 7558 9806 9181 1429 
7206 13790 1215 10320 8223 15306 13320 12160 11999 7098 6499 
5967 14430 12720 12179 6014 15284 5508 1967 2357 8064 4780 
14692 2379 12799 5394 13643 5523 4493 9026 11453 14214 14589 
7872 4438 11171 279 10221 240 9459 15337 2048 8496 6948 
15055 674 15075 9101 4326 5288 10590 6384 371 1681 6798 
9662 3224 2911 13947 7112 10444 9324 6660 3989 6600 2161 
835 8514 11746 1383 3526 8525 6735 8671 7841 10179 15194 
10411 1495 5872 13830 13436 8676 11715 9211 1245 2950 4786 
7691 8447 14199 6545 11109 1972 14901 9840 1000 912 10921 
13575 9441 1038 12583 7322 10406 5763 10459 11407 7092 5303 
1986 1113 7273 8843 6209 14481 10873 5691 11208 9656 11091 
7699 5253 11223 8961 6287 14008 9289 3585 151 13667 10203 
905 5584 1511 13203 12442 8257 7350 6370 10941 12524 9256 
6774 15174 5200 6894 5092 1544 9414 4800 4960 4264 6982 
1462 5231 14897 5970 6039 14772 2771 6366 5939 5547 9948 
7323 2194 3334 1467 4835 12101 9521 7256 895 9953 14862 
3427 9997 4211 9015 8675 4615 3419 12114 10903 3727 7771 
10814 2878 14503 4801 1091 13655 6724 7663 11935 2111 6610 
579 13822 791 5749 2077 1445 4838 6205 6204 14870 9174 
91 3927 10890 4284 9416 7172 14423 10429 8458 12521 14052 
9141 319 12701 7422 7535 1996 13793 8241 9325 9498 1453 
13473 14739 14496 2246 2074 12497 9063 6667 12359 14706 11523 
12594 13714 15253 7317 8199 3945 9967 12754 14186 3822 10909 
14960 6949 103 8649 9612 13990 13831 5309 4288 7994 7680 
5232 924 4597 2912 7832 605 11582 7486 4218 1922 2630 
14982 7136 11151 332 5270 6979 14538 14136 15270 15251 7416 
6839 12951 5794 9072 3778 12936 13748 15037 7452 13866 14271 
4691 6408 11785 9003 7927 14016 4714 11056 1642 9467 8177 
6592 8654 2215 3639 7088 12188 9304 10188 3225 7077 5551 
3581 3532 6516 5473 1892 5514 6716 1752 2342 10904 9937 
11962 4962 8633 8132 6189 3064 8290 8960 9980 10955 709 
8492 14991 14397 6780 10461 8808 11656 1134 13876 11028 12759 
680 6597 1685 12266 13073 15160 12079 12110 14769 10610 2229 
8260 9380 14443 14766 4677 7895 6817 9505 5885 11698 10173 
8341 1244 2383 7958 13407 341 7469 8804 5623 3321 8795 
6244 12045 10818 5995 11131 10860 5799 3179 8637 6732 10805 
4457 1914 10423 11696 4412 8598 10262 12630 12354 12897 8625 
7541 12908 3699 9410 6844 13100 665 14948 14623 11450 13570 
6553 14618 1828 9508 1787 515 8829 14015 3692 8158 8430 
3992 3420 6222 7684 10616 5534 624 5213 13390 13090 395 
14803 7323 13941 10181 15023 14653 14606 2487 1173 13249 9776 
7327 10667 9627 2028 1320 5871 6110 13396 15126 14276 96 
2209 8315 9160 4505 8308 11148 6025 7323 2194 3334 14472 
12810 13450 13184 6992 894 9040 9484 6609 8462 9654 5506 
3492 3990 6193 3037 4202 9727 10676 6614 12786 7677 8650 
10725 7323 2194 3334 4236 6752 7437 766 5921 15140 3152 
7258 7029 913 8009 8148 5120 12012 4246 2054 15028 2093 
6628 10728 13954 2194 3334 346 5957 5824 10984 4715 4080 
1122 4351 15338 14677 11456 13892 690 10200 14945 11461 3655 
5997 1483 8443 6468 4906 10384 832 14586 4158 3014 2332 
5852 663 3450 5986 8997 979 11770 14873 13995 9671 11292 
14159 8072 13343 7448 2885 1787 14632 9509 3523 1855 13985 
5476 2835 12075 15404 6816 10024 1787 5501 2448 11327 8994 
6056 12411 10107 13711 491 9944 12981 8601 13764 11502 4127 
4931 11874 10465 8835 4118 11804 1943 9355 14216 11851 9929 
7168 13920 4021 7164 7359 14732 11305 2991 3127 14204 14831 
8004 4609 7039 12931 13393 11987 2812 1339 5035 7124 4066 
5839 3986 8267 3124 1658 11318 13516 14461 5780 8817 5286 
3315 8737 3869 2192 2713 8996 10260 14158 1214 3756 3616 
5322 27 7938 12011 1720 10490 3095 724 7575 7652 8274 
3547 1512 13200 5862 8077 14691 6285 11752 7877 4319 8216 
14402 10534 1162 12941 4086 9511 15219 2934 8730 6270 2817 
11875 4471 5323 10294 10029 1715 9548 5557 14207 8465 1816 
8049 12559 13122 4634 13510 477 10413 4831 7705 3962 8339 
1278 4987 9885 12588 5925 12010 14441 15347 4268 14802 12980 
6736 4874 13512 4140 11719 7781 15242 10325 10823 4039 589 
9768 11673 12729 6235 5290 5573 15317 8289 9710 3306 2393 
8179 623 7281 12202 6800 4400 4087 11925 4113 13322 6718 
855 10765 9393 5634 11198 13982 2774 10695 15113 12562 4306 
4793 6957 12924 3271 10709 11086 12479 13777 10144 10996 11073 
6442 9982 8634 13964 6646 5981 10520 13465 4676 14976 12834 
7251 11744 5115 3488 5911 10917 13744 1990 9900 11057 4362 
3551 2445 1521 7418 6619 8878 3098 11035 5856 8190 13386 
8188 8786 9833 2261 3978 3817 4328 8231 7007 8154 13517 
8037 5201 15183 11143 13971 4426 883 8226 6510 7029 9230 
7509 14086 13191 3153 11876 1301 14696 1139 4578 9168 4184 
2020 1412 9801 5316 13661 14504 8517 3608 2929 2361 5848 
4064 11132 1798 4506 11062 9875 4534 3459 8635 13104 4336 
11614 2142 487 4358 10868 7323 2194 12560 6192 10108 6093 
4451 8374 3213 3281 227 2583 2921 12344 2936 14988 896 
12349 4999 10660 140 9667 14248 7326 8891 700 3354 15402 
220 1643 1250 1344 14549 15169 14779 11519 7130 2114 12722 
13484 7881 13247 4404 14343 2518 7268 6385 3079 12801 290 
1262 14767 2494 3627 11996 9573 357 7761 9880 2511 3635 
264 3583 2911 10809 12977 13686 9864 1759 13110 14236 3251 
11936 3051 2722 10157 8772 5397 3928 5251 6079 10008 12337 
757 8547 775 14455 2673 9818 109 12343 4710 6699 10579 
11127 10736 13257 10673 7739 6844 10045 7323 2194 3334 4963 
9845 1375 3818 3525 4028 7099 1416 7679 975 8058 13800 
3126 15354 3985 2683 581 11980 1861 693 13297 10267 1999 
4668 2247 7722 12868 11403 3038 5113 11923 557 5991 12968 
7029 1117 1787 13290 9670 8161 4993 11317 2944 14753 5488 
3923 2226 9910 15384 4934 2106 2787 1888 6870 6050 11020 
13382 9119 9400 12152 376 5728 11724 11717 2113 10737 12631 
7314 4582 6373 4289 10048 3604 11172 998 4165 127 4741 
2537 15326 10870 4774 8796 8130 1787 5501 1206 11348 14705 
13942 12005 5711 3742 12742 14429 7703 1043 12893 10233 14217 
11905 11006 9579 1374 5747 2729 11708 9415 10298 12067 12376 
8383 9703 3341 5973 6194 2856 4753 3388 12240 4371 13604 
10070 9367 9519 5413 5185 3791 12904 923 5628 11860 3854 
5606 13033 10632 9262 7588 4441 12777 5727 12471 1815 9094 
2314 6 751 7662 10704 3390 8958 12626 7621 10346 15012 
2681 7301 3246 8031 15167 1308 8313 3802 15262 11830 12151 
8144 13589 4159 11370 4935 12814 11442 867 5540 1057 9653 
741 1012 95 269 1391 14824 11181 9251 3229 13316 2234 
14046 2312 6799 7765 14860 1736 10611 15429 2828 10399 7670 
9978 8346 6998 14064 2188 518 10412 11469 9711 2549 11149 
8678 7838 10119 14597 8762 7951 13984 4848 15179 431 15073 
14487 13726 12235 817 8776 5372 13367 1801 13766 8959 2984 
15358 4 6578 4172 5430 6887 8248 6662 6032 2809 10705 
13992 8338 12395 1488 4577 6526 9722 10371 11406 4191 7697 
4670 8384 10872 5409 11630 14661 3029 7120 11394 806 12144 
664 14073 11150 12915 771 11033 8149 9571 10302 4291 13284 
1728 13705 4219 11858 12643 4718 10783 11607 3566 6486 14840 
9732 9765 14905 2747 2194 6432 15377 2693 5193 3329 6038 
14784 1616 492 14605 13379 11032 4662 1904 6539 14259 11092 
7029 13083 2694 12046 9406 8920 6509 2254 14385 5109 9797 
4728 7605 742 1366 14348 5635 2592 10004 13738 9328 3531 
10403 342 11966 6906 5679 3774 14818 1578 9613 14641 6175 
4768 4390 612 15241 6139 10341 9208 6096 15047 9210 3917 
10658 8605 4081 6574 7979 13934 2913 513 14805 11419 12734 
6899 9532 2368 2916 13303 3134 2674 11646 937 8159 10636 
15070 5472 3876 12168 15034 9831 9733 2227 1257 14147 6694 
3516 10237 5280 11943 6131 7940 3952 6677 3617 9564 11884 
9121 2317 3430 8973 12342 5510 1598 1934 3314 8569 8673 
9370 9302 2483 12448 8974 4466 10417 6375 1814 10350 4902 
7323 2194 3334 8568 5064 3476 9468 5537 3909 13180 13691 
737 12949 11457 10874 6873 1543 11169 8852 8422 10684 15433 
1258 3776 3576 14187 13442 1090 10034 3340 5868 572 430 
11657 2355 2394 1389 7374 224 13503 10 12131 5627 15089 
11856 12507 8917 12475 4554 8365 12693 14289 9323 14 4937 
4655 11423 7886 5212 213 6795 11838 7488 12580 15312 12287 
2830 11467 13373 11345 12453 7381 9652 4526 12090 5890 3696 
4430 8140 8277 13299 13349 10508 1591 7116 13703 3148 14322 
12423 118 8705 4141 8437 14001 481 4266 12781 1430 14883 
9007 2291 8162 14537 14636 1413 10456 11786 5263 14051 3173 
3202 6088 11556 3618 8921 10986 2083 2643 1957 3056 3323 
8500 15359 1851 15009 6603 1394 4652 6607 8893 6761 15331 
3105 7349 2476 13428 7856 6036 13048 2283 6551 288 626 
12044 2144 7323 2194 13818 13833 10241 7909 3120 14522 5470 
13750 3301 11774 2911 10195 15226 11368 64 7201 10242 14957 
2965 8699 8616 2612 14315 2831 3991 8793 9648 3209 11959 
3200 6593 8701 12743 6710 9405 3016 9309 10222 2289 2396 
6777 859 11963 7037 10152 1041 1232 13663 7215 1454 13223 
2432 8548 1787 14773 11862 11016 10922 5612 1421 12733 3259 
15124 1625 2800 3252 2440 3760 8038 9257 12007 13166 6654 
14002 92 6812 8421 11255 93 5191 12476 537 8046 2116 
9362 14989 3719 11530 9504 5236 8499 7332 9693 1983 3530 
9803 1196 10761 9326 4703 6160 12379 65 13014 13225 11810 
12468 7367 3061 5932 11907 12681 3428 8200 11319 11193 9077 
58 3885 7449 13742 12574 12870 4876 11577 4418 11137 10446 
13407 11843 1570 2037 668 11787 1105 6519 199 9769 3915 
7683 4600 5919 2274 2995 8819 7803 11115 3534 3561 10167 
11051 2896 12259 8175 15108 7376 7428 5341 2871 10471 8414 
11333 1118 6083 7704 8194 14590 14189 7392 6237 1428 9088 
1603 8787 2339 5017 3438 10981 993 4216 3759 12059 9737 
191 13660 5149 3888 1813 11231 4903 8358 15156 13913 13886 
6119 179 947 10247 2882 10964 3623 4978 4050 1787 5501 
4033 8607 9935 2296 15196 7586 7548 5960 9332 783 9590 
11026 11763 2892 10292 8653 1433 9545 5810 11211 10074 12248 
12625 10402 7373 6223 1974 12691 3713 14142 13425 2230 1520 
7029 14275 755 9497 9918 10668 772 7323 2194 3334 8045 
706 8327 732 1077 7282 14140 8355 9966 4391 1005 14810 
6231 15188 3080 12352 2886 13832 5934 3024 6529 2423 7545 
14284 10382 14444 15299 14208 10255 711 3798 13609 8265 5864 
3647 13846 2542 886 3346 9865 12295 2621 1303 3285 14868 
295 8576 2206 10544 10923 12854 12315 4001 147 12493 12696 
7760 9212 15111 9556 12957 10317 1450 7434 5984 2543 8860 
10847 4344 12982 9782 14673 5296 6514 4221 5901 8113 14416 
7323 2194 3334 12086 10126 10239 11438 8294 11662 5159 6262 
13363 12715 1739 10100 13466 6318 12469 6287 9055 5398 15271 
7107 9911 14104 13394 13112 12839 502 9741 6278 1563 1891 
4527 1380 380 5099 226 14462 2799 13680 2807 11503 9541 
8989 10821 3580 15104 11105 9144 2343 2070 7763 13944 11950 
3007 4536 5053 13094 3550 4977 4933 6163 13387 4980 9378 
6993 1662 14932 5881 13359 12728 14054 12714 3477 11076 1703 
7323 2194 3334 1523 3242 14398 5442 6153 7243 7741 1170 
3914 10801 1549 9249 14911 1787 10900 7632 2253 14492 10952 
13482 3844 12535 7151 7562 8851 4357 14497 3324 6560 9520 
11581 9447 12768 3916 14359 8588 10698 3145 12687 15080 13758 
13201 1878 15077 13720 8692 12597 4555 11524 12465 10901 5039 
1502 13407 10472 3656 8759 3036 14863 104 6061 4754 5362 
9435 3039 7323 2194 3334 14268 4948 4899 9941 4292 498 
7029 128 8142 6858 4309 1897 7196 1457 560 12527 1913 
6947 4985 14745 6249 9032 5312 2164 7811 4065 324 10706 
4439 2178 3308 6913 14819 11099 10112 3591 14372 14325 545 
10525 6073 14245 6225 4256 9236 10838 5395 6622 3403 4073 
1673 6809 585 359 1353 7644 12402 14912 2876 14839 12048 
4445 9688 1624 282 14548 13511 4843 4854 11458 5594 7880 
2582 14295 1595 7048 13321 11465 4685 5652 3168 14644 681 
5731 10522 9645 14342 12504 4317 12262 50 9059 9219 1094 
2911 15148 12485 10261 6151 7205 13493 4223 2943 1840 7013 
7905 1649 8425 10232 928 13988 7442 13860 7162 2282 411 
2182 7709 13584 1917 8518 12707 1409 5135 3921 6400 13416 
3689 4276 4359 12433 14533 6322 5219 6356 14292 2688 661 
11546 5591 15135 12675 3897 8189 7723 13724 9563 3979 14206 
7861 1787 14709 603 6700 9062 2139 9726 4131 5733 949 
4812 9849 3142 6678 11610 10199 15235 299 7645 1101 6437 
11278 8870 15228 7737 3589 4707 8097 8284 14065 15391 13243 
13042 4305 13689 10207 10102 17 11116 6681 7674 10606 1586 
7740 4794 6307 8908 1690 4350 10597 13820 11974 8108 1341 
14889 7524 15119 3804 11466 9327 9008 3055 4760 11776 9164 
10509 11347 11700 5637 8632 253 10887 7583 2278 6534 2574 
3875 10249 6030 11355 14123 6546 2133 6966 6312 7382 12947 
11881 9791 3190 12718 15366 4892 6346 5180 4074 1255 11909 
14005 8321 6558 8297 14310 8220 2340 4205 1008 5897 9419 
7323 2194 974 4363 11833 6040 7338 15437 12937 3470 8595 
12441 260 14020 990 8783 2171 1039 5879 9592 1652 5982 
15216 12697 2315 2047 6324 9830 1787 2094 8862 12364 5759 
5174 8798 2733 14318 11937 1050 14536 7323 2194 3334 8224 
8829 13456 9501 3829 3104 7090 11835 14105 9908 79 7549 
6943 11532 8076 7458 7323 2194 3334 13260 8317 4092 7630 
10348 13546 14312 12235 2479 1408 7321 12716 946 6822 3291 
7165 12164 1674 12508 5985 14848 13653 14119 10274 7450 10716 
11475 9099 1109 7678 5865 8765 10161 482 15245 10383 11512 
11682 5105 12412 10278 10177 4976 11952 13865 12990 4556 6305 
13317 6265 6933 4006 8846 6849 9356 14160 9218 4313 3088 
7323 2194 13818 13833 9794 14572 3929 10924 2741 4658 4908 
8360 14078 2832 12925 13759 991 9477 8186 9281 13408 1615 
402 504 14800 1787 11671 7323 2194 3334 14965 14525 14293 
8433 6524 10139 6105 776 13603 6548 8086 100 3103 13973 
7755 9814 1365 2684 14534 15132 13677 12736 12753 10895 1364 
14788 7950 4040 2628 9005 13601 10592 4338 1092 294 9122 
6791 4332 12216 6082 973 10906 3706 1029 10970 1574 3828 
1325 12866 11921 500 8402 6197 7173 11221 10555 11961 798 
6122 11572 1977 8813 12699 8334 2453 6500 4594 4860 12528 
4501 13696 13030 8301 11755 12444 6823 11593 5389 5047 255 
2259 6316 1792 1753 9499 9984 7772 5588 11953 4070 4258 
4869 14688 1240 1601 10051 9188 4607 12550 9784 9222 298 
14401 13927 10428 5218 14336 3732 11313 7878 12270 5899 6443 
4779 533 4840 2134 3391 6931 4432 2145 11249 8895 12698 
14582 1838 10622 12824 14509 14926 3412 8749 10065 14529 5376 
14473 5569 1787 15159 2353 9485 897 10935 7296 5781 3900 
13032 7142 11277 4250 7323 2194 3334 201 12978 12041 3679 
7023 3924 11443 5660 4795 6535 15344 2327 6566 2860 5714 
9418 14558 13816 14506 8531 9214 8325 261 10369 6114 6930 
3081 1441 3685 7910 5192 788 12150 4552 9522 4782 9167 
5112 7234 5671 5346 1424 11371 4826 10740 13152 7511 11647 
3197 12454 3717 14703 5767 3573 2930 292 3192 265 14685 
9866 8659 1676 1026 8829 350 2750 14648 6257 7211 8319 
6157 7599 8656 9139 13455 2745 3371 10530 10338 13061 14681 
5208 583 8850 12353 3721 542 2828 5337 4116 1042 735 
1787 5768 980 13167 13908 4442 11640 7587 14033 6838 12825 
10688 11191 15274 1144 3767 2652 8329 14581 5632 5608 296 
8233 9161 9060 4641 11390 3045 9179 8574 8723 9397 3675 
3318 6063 1743 12064 3235 13521 13708 601 6306 454 3435 
5006 8429 11145 13614 13762 6348 274 8829 5912 9962 5598 
8899 4666 8352 1397 6217 9884 9736 5304 13859 12629 10512 
9292 6386 4365 14239 11702 8527 8992 5243 7144 2107 7315 
11421 3638 1976 7347 9750 5444 217 15101 2035 10601 11384 
13357 6300 7248 12235 2304 1731 4840 650 5087 2444 3777 
13062 15046 11939 11683 4452 11908 8829 2043 7685 4301 6462 
1678 9790 12751 10982 3044 2883 10418 15367 8137 8013 13368 
9724 5542 5800 10730 7766 2401 1607 12026 6952 2795 13926 
8516 9150 9310 3293 3429 875 6859 11973 11537 14191 9651 
2109 7665 12367 9872 717 781 1186 4275 11176 11248 12285 
7802 8117 716 5305 2110 5014 12006 5139 7328 331 12257 
7420 8672 6830 14816 347 15302 2701 11550 2597 15086 7893 
3174 3170 9129 1530 2717 9615 14950 285 554 8157 12035 
7057 13828 15265 7204 13246 192 1980 4979 3260 3878 13623 
283 13792 2686 12961 2647 2931 12563 11975 7661 14992 15100 
10159 10478 14177 1178 2166 5439 5644 14494 3175 7331 6463 
7323 2194 3334 15230 2298 4320 3383 8120 1221 13752 13114 
7748 7915 3562 4398 13274 11540 3789 9547 5531 5609 14319 
7323 11570 13500 6071 10580 1009 6144 2774 14727 15231 8164 
8495 12827 7996 4299 11529 5828 3729 209 673 8768 10738 
13528 8098 14714 7639 1853 13647 7323 2194 3334 6314 11493 
470 2349 12829 13162 8419 5605 8894 8752 4541 12695 11594 
5229 9528 3595 11901 13756 4424 5158 4742 15417 927 1115 
38 14286 932 14970 10020 6354 4342 13371 7842 13561 102 
9990 6986 8203 15066 6900 1696 4932 1210 14383 15352 10908 
772 7323 11570 13500 3334 6144 7756 8283 8380 5274 1879 
1519 6111 3827 4517 13668 11548 11844 9048 3861 10948 8824 
366 3506 9623 11517 9626 6590 3141 7536 2623 2691 13919 
7716 1895 5555 14737 10127 4727 13862 6951 3850 3578 8302 
1357 6064 8552 1545 5451 13252 8889 4811 13948 2726 1088 
4005 10604 381 4381 3161 847 10910 13358 4041 1263 3766 
9312 13783 13439 3360 5254 12727 11002 13266 12311 12612 6177 
12558 10928 15278 5083 13469 9839 8735 3910 8617 12617 13504 
762 345 11125 890 11282 13975 6393 4465 12495 4912 13063 
9628 1152 11489 3586 13645 8837 10564 3070 14355 10598 9834 
300 3546 105 7481 13398 5846 10878 8746 14678 898 3223 
2323 1438 9734 12426 5260 3558 12286 11401 6391 15069 9632 
28 4271 8087 5016 8934 14585 1471 5581 14227 11815 8953 
1241 9914 2666 4592 931 9533 5742 5830 12862 2251 12886 
6584 2338 1880 5527 2580 5297 8197 5769 1787 11220 4940 
2052 4348 15250 2738 14864 8357 14724 7247 2465 1754 13453 
14120 3188 1571 4473 10290 9719 4767 2210 10707 6102 2545 
12304 3588 7014 4368 11097 8059 7585 11338 3474 11067 14440 
953 14786 12939 9358 7399 2922 1937 13445 7808 78 13268 
8955 4544 12147 11251 4744 5707 5 9661 11788 7008 14302 
5244 8855 2813 2410 15445 12487 11259 9529 7887 9133 14770 
4229 10385 7291 6232 1130 10197 10090 3380 9433 1222 5773 
8093 10810 7389 11090 12785 11758 11012 730 3949 2704 2455 
8476 10794 9010 4776 1346 12711 12976 4705 3567 2424 13736 
7885 15255 13620 996 135 3974 14474 6015 9196 1619 11228 
1040 3636 14212 9440 7060 6542 3255 5358 6511 14616 13163 
13590 1932 10746 14022 11262 11444 14183 14197 2743 8829 593 
2333 12639 11328 3018 2868 1721 1671 10057 4873 9301 11506 
9455 9166 10516 2467 6369 14725 2678 14587 12782 7798 5179 
14281 5762 8829 3094 7433 15353 7944 7694 5827 14953 4038 
3673 6541 8464 7635 2758 12153 12952 9601 5961 3838 527 
1137 7495 1965 14389 1787 5501 4407 13749 9931 2514 14951 
14234 14405 13026 9561 10830 5722 11411 7743 9216 2947 3212 
9867 9903 13006 14985 5272 2499 14622 1704 11267 14564 13704 
7565 10488 2381 5988 14826 338 14111 15078 6829 9336 3826 
6127 8667 11124 6341 12999 433 2438 7945 2655 3089 11791 
506 12199 14682 14470 4135 14962 14744 5838 14161 13056 5495 
686 1362 8903 9311 163 12108 14489 14422 2911 9965 1002 
1398 5018 12774 4314 11608 14642 14602 4482 11386 7368 2235 
6863 2249 13050 838 14188 10966 1787 13935 15192 811 3463 
9861 8866 11431 3138 10752 9952 11829 7710 1717 5122 1560 
1992 12542 9714 6520 3830 4084 12107 884 4272 8679 7791 
12589 2204 3287 11733 2588 12211 9431 2615 9792 3082 9576 
4383 12676 13607 2279 4792 12239 2347 2358 4603 6984 12835 
6123 12832 8275 7329 14795 5166 12000 15435 4516 12702 9589 
10332 2957 14955 14759 4829 12554 3253 5530 13640 12194 11081 
9079 2302 3292 9462 14412 6745 11268 4252 1089 3864 1811 
13194 3115 1532 11212 4321 2382 15061 9925 6659 13507 6116 
1103 3752 4206 1501 7222 8871 7015 5145 9584 802 3806 
3484 1531 13004 1358 10196 3137 11184 11694 12193 8539 7129 
8995 1931 2356 10875 13839 9889 5238 12228 2949 10861 6932 
7504 13553 7283 234 2624 4247 2990 15294 2944 642 14130 
5137 9668 13170 2042 9500 11681 5646 2334 5175 2873 6221 
206 3852 7131 3263 2703 621 12953 860 8644 11504 13307 
8697 10291 7364 1427 8350 8674 7636 10305 13332 2798 3307 
6095 6729 503 11031 9490 1626 7356 13713 12808 1830 11985 
5178 10804 7075 574 3146 4333 14517 10552 10223 14029 6671 
7238 9696 14857 14701 10032 10270 1962 11684 8731 8546 2895 
1020 9755 8789 11806 8201 2634 620 7029 11509 7485 4632 
10016 6241 15131 11202 15030 12348 12882 3405 467 2698 10178 
7252 13099 14311 9930 11721 5673 5804 14600 12739 11240 14531 
14987 13957 5098 638 550 3870 11979 1095 7483 11542 4751 
4599 7870 14403 1722 1045 10627 13121 6069 1431 3004 11626 
13362 11638 1757 12377 5962 8320 11060 6643 3471 2794 1291 
2793 1458 15185 13559 7175 7323 2194 3334 2849 11670 3683 
2425 13976 13979 11353 15095 5572 1016 6756 1628 6006 5891 
6074 3609 361 11904 1769 12124 13931 640 6922 11061 1788 
12209 10497 11924 1106 10409 13965 1120 12323 4880 11303 1724 
3958 1799 6260 9020 14477 14392 7125 4969 6140 1310 110 
5893 10358 3009 11049 9428 15268 1356 13106 175 14154 13181 
7502 7005 5033 11919 7873 13733 1128 2756 14554 14890 7316 
10857 7053 14012 1854 2844 9169 11603 5195 3275 3678 3518 
2911 1876 11034 12817 13155 5500 14943 10443 15161 2755 6985 
3667 2294 10696 6459 12878 2636 14871 2555 11063 10400 1783 
1822 14222 13134 3966 7946 12997 13963 12871 7246 10162 6810 
14521 8888 1507 13888 9209 9569 129 1850 7363 4687 6697 
1787 2972 3106 1169 7744 1268 11332 8455 11480 683 804 
10949 5188 4629 14469 1679 455 14215 125 2457 13204 11735 
13143 396 5044 13673 8446 4183 11928 6202 11164 5266 10649 
7029 6972 3831 1228 1399 6268 4770 3305 4230 12065 4416 
13168 6579 3272 2785 11831 2617 4088 10362 4891 1283 1584 
7634 1789 15103 7080 4868 8176 4125 145 11687 7195 4089 
7671 3410 4623 5913 2544 10702 4265 9566 13075 13130 12632 
7848 12845 1027 15151 8438 8841 14055 13526 9700 10379 2151 
8584 3794 9677 9085 305 3700 5509 3060 5658 12857 12765 
6929 12553 4053 7219 2009 15319 72 13471 9663 12815 5220 
8291 11650 3590 1755 8022 10043 12178 13020 1541 10186 8326 
3572 4580 13877 5770 8250 8466 10099 3413 4282 1093 874 
14025 14089 62 14350 629 6439 10248 10311 11648 13588 7192 
13258 6378 5065 6430 11971 1123 12336 8126 4561 7970 12241 
14576 11642 11531 519 2702 13893 11797 1373 13047 5983 4624 
7012 13999 4367 7777 2635 141 12284 534 7714 1765 12430 
6294 5338 4579 1420 2395 12422 29 6195 2631 497 6824 
7323 2194 3334 10712 2556 11153 12318 2629 12085 13188 3772 
8606 10824 12919 1612 13259 6423 1290 11777 539 9202 11832 
5007 2201 2761 13482 2607 1852 3445 12911 14288 7429 2901 
8470 469 6956 608 10631 5361 12788 15203 11553 1415 6339 
9272 3792 4505 1942 4166 7490 14418 8734 9553 8829 12483 
6825 3980 6009 3738 2370 3083 11130 5755 10363 526 11992 
5924 12232 13851 2650 12821 5447 12473 6099 14305 9657 11064 
10293 12322 8651 9224 7510 6023 9486 3867 3810 11392 5261 
7998 13940 8243 14023 4453 8017 15082 14573 10607 13903 1509 
10212 8121 12307 14309 3099 7637 1253 7597 13974 4827 4775 
15032 4575 14878 1781 10215 9057 9098 9536 3205 6184 13182 
12063 142 1695 12863 10905 3119 9756 154 12864 8597 7181 
3783 14542 11265 10714 1661 3668 133 344 6128 8405 4887 
3117 11476 5944 4769 12826 13849 8453 11808 6855 8150 11321 
109 2196 11199 9764 2510 6291 1140 8925 13402 10424 9749 
11738 4076 8163 223 1777 1596 4310 13778 14419 11606 13136 
2222 10633 14238 12463 12970 12458 14021 9616 11792 9549 6452 
857 10330 5702 5045 5093 10014 5267 14484 15068 3743 9687 
2749 10329 8557 752 7607 1782 425 3671 7284 10447 14495 
1015 8645 11 13880 5610 5729 8411 10541 1168 14508 3096 
11040 7353 7942 5744 9869 6441 7894 812 7000 10422 4724 
8829 11342 9471 11816 2126 13237 14030 11772 14102 9293 4890 
7323 2194 3334 7981 164 7324 8102 13921 4343 10956 9560 
8091 10451 10854 9895 12102 2155 8608 10757 14264 3386 9853 
535 2421 1562 2268 2932 13109 9228 4711 14330 1238 11751 
13080 2588 8941 14449 3788 89 7160 15141 8475 6897 14256 
2199 15178 2335 3180 6057 3033 3025 7829 15290 101 1630 
15209 6571 5454 11043 3330 10047 10990 10150 7362 5955 13 
10410 8035 15378 11914 13198 7401 7793 731 14378 13034 2378 
15163 9554 8829 1131 8751 1682 12962 3490 7618 5189 7407 
7929 9543 12145 2619 6907 8902 1363 1935 12876 13395 10817 
1910 14923 14242 354 9170 6161 1915 2101 12972 13769 8880 
10129 11554 7799 9199 15129 8621 5452 881 9848 1701 1147 
6883 2484 6832 10046 10513 14858 3342 14218 5519 14595 9829 
12564 6602 10998 6007 13610 12181 11869 4126 3365 3771 7534 
13451 10124 14048 5860 8259 15059 5861 9446 9033 5908 5206 
7667 14505 3703 9374 4175 8347 7554 4817 15097 369 10784 
3369 11947 8528 11188 11978 8567 5342 8849 15392 9798 10571 
1787 4738 9233 722 3548 10502 3211 12004 10026 1452 12028 
15424 7707 13700 13863 12166 10268 12539 9881 9697 9182 6850 
8353 15238 9822 8208 6762 12685 4818 8615 12865 2589 7603 
5377 10256 1988 10771 12903 9748 11017 9847 6904 3194 14569 
10015 5659 9675 13929 8063 4286 12401 4198 7025 1254 1745 
1618 2233 3936 569 1548 8640 10758 13049 9897 4586 7261 
14241 5647 10608 6044 15288 12679 7410 120 7514 1175 3155 
634 7184 7482 11511 7712 10386 11574 13178 10361 4573 2598 
5797 284 8218 9125 3375 10763 11713 14326 14168 15334 8885 
2566 7844 6320 3650 14421 11981 5819 5008 7228 6879 8138 
15112 12895 9404 15259 8965 150 13196 8828 10295 39 9275 
4944 1581 2194 3334 4421 13699 5078 13505 393 12659 13429 
7323 2194 3334 15427 14226 12098 5276 3068 12822 1749 10392 
529 3686 11021 3680 14428 13685 4054 12738 6806 1443 13809 
4380 6245 12579 10503 3953 12158 14190 5989 10104 5683 10486 
1401 5074 8610 10426 6934 1533 2563 7402 443 10515 2301 
9231 8680 14510 2271 1874 13701 12033 9071 3643 1493 2824 
7323 9882 7890 7525 4254 3614 10021 14532 10548 6670 3361 
4642 4862 772 7323 2194 8448 12198 9725 10117 9350 11283 
7522 7030 7762 696 11227 4925 12084 9157 2147 7083 7965 
8311 4678 9730 7711 15029 14273 8477 2491 938 2149 8872 
12104 8827 8366 14362 11252 5916 2375 14374 3275 10507 3883 
2611 9205 8593 844 6994 1806 8378 5485 8988 4791 9816 
7323 2194 7904 794 6170 1155 15261 1138 2911 485 391 
3845 10324 9110 2117 15016 8099 5692 5086 10596 12536 5798 
13499 5351 2474 6465 14974 7989 12293 780 148 15177 8354 
8829 11166 2766 13207 10013 10269 5898 10584 10766 8060 3741 
8716 15054 2727 9361 1790 2053 2243 11088 577 6845 8442 
12140 3823 8553 14446 7086 4557 11790 10340 12274 848 8426 
10744 9968 10078 4752 7323 2194 3334 6686 12032 9387 10739 
5586 11665 7600 15236 14468 407 14747 8790 3335 2850 8247 
5971 9513 10979 10204 1597 4431 3162 14961 13241 13346 12565 
5268 13457 12290 10840 2482 7867 7193 6720 9927 4973 747 
6860 7925 9939 2723 12317 12556 7686 12374 13536 8602 14425 
434 9171 10259 14967 8761 10055 6136 12917 6247 5240 12136 
3959 13478 4855 1973 3688 12169 12254 10888 1271 6353 6171 
11468 4845 8498 10646 13494 7906 5318 6737 13572 14760 7082 
13415 3728 3128 4956 61 13482 2183 1464 1688 1472 13734 
7366 4484 2257 5914 7081 8884 1264 1259 14539 11677 9702 
4464 10612 1370 3279 6220 12126 14607 4311 1666 11814 3367 
413 11859 10883 2527 10493 9913 8509 8805 4540 6747 2987 
11288 9176 3140 6070 8581 11187 9044 7182 646 427 582 
986 12884 5181 9557 15300 9360 13890 7260 7706 15123 10677 
11479 14722 13582 7997 6229 13580 11585 13835 10841 13883 10113 
14584 7302 3015 2538 4016 7323 2194 3334 4638 2516 4378 
5023 5822 162 7188 10475 12791 11861 13365 6840 9933 11592 
12566 10058 10638 6771 2720 14999 1136 7863 13000 12039 4734 
14057 14277 8890 1436 10229 13084 6618 14388 1592 8424 11930 
7335 15040 13729 12259 6297 7555 8807 1331 10321 14185 3502 
2380 10577 7566 8440 5252 2403 10787 9989 11100 3143 13698 
10079 4002 11101 13381 11827 5777 1061 10238 3529 649 9464 
3968 8909 4420 7156 6367 13345 12001 5496 2889 15350 9604 
4163 6674 11600 4193 9988 1923 170 11710 6655 8234 9344 
10145 6814 6772 11836 7336 7139 12538 8025 6120 7034 13271 
13350 13753 12244 1524 6515 9511 8423 4169 7127 13966 3355 
10306 13739 8386 7323 2194 5793 14742 4772 4121 8028 4722 
3716 7640 6253 13125 6100 394 3206 12093 5930 1593 524 
7323 2194 3334 14452 971 9273 10087 182 8799 13233 13265 
7868 2559 2861 1968 13480 13097 15349 7614 11819 1446 2822 
7323 2194 3334 13325 13171 10160 1883 1732 10457 6138 14566 
552 4480 10056 1256 5926 9917 1552 1211 10006 6461 688 
1340 9907 10441 4377 5566 8198 12183 12513 11129 8928 4090 
8340 9439 1033 5638 10741 14557 8457 14157 6796 14790 13190 
2055 7323 11570 13500 3334 6144 7210 6258 14895 4612 3811 
7137 9669 1286 856 14757 11142 1252 13113 10156 11375 925 
7530 1613 13486 2205 7930 3000 8646 5518 3787 7954 13968 
6295 9180 13787 14193 9489 10962 386 14540 7864 5431 5027 
1133 528 12400 9460 7147 11729 281 2078 11781 9017 785 
6775 14471 4813 15079 11779 308 4514 12640 14625 8521 5487 
13652 8373 5186 13481 83 8399 7687 13889 1740 4056 5618 
9991 10036 14933 5009 10427 15003 8854 13824 10551 4177 14712 
12723 3964 7070 5694 10831 11000 3363 10656 8976 1825 178 
3889 8272 9151 15191 12511 4747 11001 3912 5428 12340 6530 
8018 2927 5154 13139 9409 10458 9239 14658 10098 14368 7859 
14501 233 11513 9011 841 12351 8508 2893 13592 11620 10505 
7029 3884 9375 7620 7361 3672 12846 8838 5630 15150 4716 
11344 2280 12222 11753 13076 962 5661 3714 1539 10205 6583 
109 976 406 5517 2672 6936 2073 12531 2441 1862 4120 
9252 3640 1516 1225 12598 9995 11326 9530 2862 6675 3846 
8096 9024 6549 13622 5106 13955 4966 6908 13276 11756 6967 
3582 1629 11664 9398 10600 10109 6492 7029 8332 8769 10647 
205 5559 15269 7323 2194 3334 9805 13662 10635 3396 10300 
12408 13292 644 8015 10933 2002 5818 489 727 14426 6471 
558 7507 10059 2156 6585 7398 6212 4824 8016 80 3214 
5171 9240 10543 1001 7834 15386 3570 6905 868 6565 6580 
9340 7323 2194 3334 9572 8727 5502 12091 2104 1583 3625 
5406 1787 11671 7323 2194 3334 753 13656 6963 11732 13915 
5664 7728 9383 10396 8916 15147 1125 10954 3090 5140 14971 
13012 9187 9877 12619 14435 5795 1525 15314 12621 2284 8343 
4605 4149 14134 9136 7847 606 3073 13105 9567 639 5622 
4139 8116 14144 8196 245 7029 1556 6059 12146 5735 9002 
7325 8345 1091 9523 10510 7027 3747 12725 11123 7369 6355 
90 7 7698 6446 1558 130 561 4372 11312 12896 13918 
7974 6047 6976 5633 403 14363 8469 15440 11891 4864 15041 
2023 1114 12271 9934 8810 2804 4399 5111 8271 2202 8225 
14775 4101 14380 14080 12294 9971 2252 10080 4560 1299 11272 
8777 13547 12060 9538 5349 11703 6851 11954 12522 11087 13288 
8565 7323 2194 3334 13709 15090 1066 5138 966 942 4433 
14027 3983 13342 13845 13399 5576 9221 12667 11365 2450 3304 
827 1656 488 10326 7609 5832 9012 3326 9483 7040 4488 
12510 10147 13462 4885 10863 10352 13958 3765 12305 3020 10565 
6864 12534 2638 13256 13013 5721 10876 8784 5543 11743 3799 
1335 13534 8057 1550 13983 8413 9821 5101 5128 10669 2324 
12061 2131 14754 15088 15091 8503 3644 14697 11866 12310 4547 
4861 10381 10997 6399 12109 10692 3632 2706 13078 14354 13932 
2473 14211 7108 8829 7397 3797 12599 106 596 9487 7736 
13219 6692 9729 1163 9417 5069 11617 6508 10296 3971 2308 
4896 6058 9049 10554 11989 4660 5291 6397 6444 10191 14450 
13333 4257 14437 14192 9368 729 10915 782 7604 7305 5443 
3421 5567 9109 15293 14339 12712 2909 108 967 10967 2664 
3641 8867 14654 2966 9510 8404 5571 5343 9605 12120 171 
6988 8056 2753 14143 8217 2269 1995 14711 6377 2581 11190 
6865 7445 14209 7370 697 12155 4837 9890 11566 12959 6611 
9961 2136 667 1787 5501 2784 13419 1707 9799 14166 13375 
10390 15229 10664 9565 14807 2309 9909 7648 14695 13028 11916 
2015 5320 4568 10536 2710 5558 5532 6103 7333 4382 11484 
6522 11704 7512 14750 3264 14249 10879 4270 8905 11488 1504 
7795 11242 1235 13311 7022 168 14975 6502 8543 4802 8054 
13850 2625 7405 5697 8361 963 1916 11561 8362 7641 6588 
1199 12668 10528 14040 3705 11351 12488 6475 9172 4434 2389 
14780 11239 1908 13529 10893 13520 10932 8741 9372 3610 1058 
3895 4388 4277 15263 2736 14116 1689 4846 9123 4840 5020 
13671 8328 202 5298 715 9976 7122 10560 15387 12935 7170 
9036 11350 6807 8479 9175 8693 8219 821 3057 1468 13551 
3899 8736 8754 9285 3987 12095 11573 5905 6413 9203 4444 
12540 1236 12176 6329 5938 13482 879 12111 4307 10138 4447 
11182 7571 11160 3457 11849 9745 459 11599 1505 44 8865 
7354 14261 14561 12227 6707 7666 5674 10007 13070 270 11154 
1589 12555 4031 9357 333 8501 12958 536 4115 2260 11399 
6251 6581 738 6112 12439 8829 9329 13829 809 5019 5511 
9957 6635 1978 13870 9178 15279 8907 15318 6505 11275 13440 
2836 15092 3528 4224 14789 13722 12128 8829 15362 10133 3254 
4538 14056 3925 4075 15369 9580 10753 551 15431 3718 8168 
10648 6720 1866 13998 8105 10128 132 4334 14669 5367 12586 
1425 4477 929 10614 2359 11534 15389 7102 9131 9817 7276 
13763 14090 1787 8377 3282 14431 4099 14662 12094 9570 6169 
7543 5456 7453 7918 2017 11388 13116 2080 14220 11749 8085 
13016 7064 336 5418 11926 10187 1305 12547 3734 6256 4234 
4142 10683 9198 12132 10091 13989 11840 11329 6336 11025 2951 
14155 14603 5766 5737 6332 14850 13755 5347 12587 4489 10693 
2539 5876 1863 6693 7513 13754 9163 7681 12932 14946 5574 
3464 15031 13761 1608 12787 11955 6021 900 12455 13224 4419 
8211 11794 10130 10799 9558 3387 13776 2920 13454 5813 8010 
8106 1960 11661 14316 3191 6269 6705 6706 10625 6638 777 
9842 423 5249 6958 14014 3248 4825 3077 12600 5293 1714 
9938 3571 1857 7995 10581 10354 12327 2503 3575 9598 14519 
13360 14806 4164 5160 12880 10011 8842 8718 0 9679 8027 
402 6507 1787 15267 5948 13296 677 8055 2318 1925 6261 
3682 1839 8436 5378 834 5425 4926 13801 6266 12233 1 
653 10699 12417 6412 157 5157 8896 7560 2898 351 5615 
4478 7484 2651 13017 3218 2360 1953 6219 12425 3754 12628 
14502 921 9451 2602 5225 7235 6034 8483 4997 1982 11784 
13684 12073 2157 2132 7615 7187 1337 8962 6368 5550 3268 
6778 8832 13107 3059 3398 2579 10865 11803 7533 14126 3723 
13482 13352 14614 6481 4704 13894 4134 13388 4787 12380 5821 
8623 5937 4097 10235 1637 11741 3955 11114 4045 2072 14112 
3997 8473 7787 183 13690 5597 11801 9031 11994 13141 6049 
14409 5724 7153 6454 12220 13823 8184 5046 1506 8952 2141 
11156 12330 2914 5011 11128 14328 9382 3112 6717 4630 8690 
8433 6060 8670 7983 7385 2816 9426 789 13612 13275 7312 
4574 3835 8006 9448 13144 7097 9154 5959 9479 12013 6540 
9643 778 12567 13391 1760 10719 10449 1392 9265 11356 5552 
1174 11089 6506 68 12529 8685 11848 7149 10654 321 1099 
2956 1599 4225 1528 8134 5117 1887 12905 4203 10193 12409 
9111 14617 6773 6084 7993 3961 7089 6364 12700 1102 3208 
10877 3311 14205 1239 2551 11485 6206 4522 7323 2194 3334 
9112 12551 4692 5854 9314 6404 3317 7497 4700 12268 4446 
13492 11964 13606 4485 10273 10276 10226 7183 813 15356 12833 
6372 9887 8229 6970 3512 4499 463 15175 5690 15343 14117 
719 14150 12215 7675 2466 5022 14551 9599 3178 13770 9200 
5269 10848 3521 7185 11186 7800 11095 11415 4153 1289 1234 
12683 10789 6226 8033 13914 10073 8801 8232 1836 3905 3769 
6309 7853 13797 8816 4909 7477 3662 613 14232 8207 13423 
3486 9975 12926 7916 12249 2655 2760 9753 8522 4022 7913 
13757 7323 2194 7852 14920 10211 5498 9618 1198 4625 14570 
13226 1638 849 14814 11584 14907 8240 15005 3943 11932 14567 
6321 6639 10347 8432 12996 15157 13404 12435 12325 14071 12388 
9542 10012 15053 4866 2724 6092 1602 3149 10881 3977 12633 
10617 1418 11768 6750 6213 2506 9559 4669 5979 10545 6783 
6133 655 7323 14323 8756 12749 8348 4958 14456 7672 10968 
7166 14715 4636 281 3540 13808 6491 8820 9810 703 2679 
12672 14986 2641 7383 7977 3092 818 5396 1691 1582 387 
4044 2959 8382 8034 13806 8538 6805 2839 6164 4428 11526 
8309 7087 7783 5923 6889 13899 8589 3659 7065 11376 320 
289 6711 13405 987 6691 3125 7432 9412 2649 2948 13558 
13506 12634 733 13524 8155 845 7323 2194 3334 5471 10285 
586 11389 8478 11285 7862 10313 7934 954 13900 14924 7132 
14718 8949 12591 10842 7431 2515 34 8431 1108 1063 15441 
14792 10190 7564 6837 15292 3988 2064 4049 5667 622 8351 
12872 13015 9102 1646 13628 5687 355 15296 4938 14927 12381 
13765 20 8622 1434 6961 5379 13498 5935 10397 2858 12848 
9165 9248 15051 10974 3147 4731 5275 11886 2184 11322 4486 
4346 453 1956 8381 3762 2122 6469 3322 6886 4397 1573 
1781 88 13434 14626 9054 6991 9038 10103 6997 5750 12719 
8725 468 9192 5292 248 11888 5277 12206 11590 15199 9823 
9001 5936 13560 13412 12906 193 1004 4119 7145 5468 566 
10318 11968 10180 2270 7843 7931 1627 2348 1787 4783 4110 
12885 11948 15139 2194 3334 6945 7633 4096 11096 3611 7118 
2044 7561 14135 11273 12568 7394 2443 15213 10084 12399 14751 
5224 1189 1047 7653 5931 14024 876 13098 5399 8951 11722 
13449 11567 7833 6513 4589 2557 12306 3908 6001 6742 14710 
4851 8599 9096 2029 8090 1966 14448 559 166 12641 8030 
10790 2239 1535 9347 2167 10961 15376 13730 365 6315 7897 
6695 10170 13087 4576 10826 4503 11470 415 9363 14577 15145 
7629 6709 4571 3820 14151 9977 2459 3951 14674 651 14560 
1329 10963 10731 12278 13029 3812 4587 1223 797 1984 11003 
4425 7438 6740 10850 9641 4411 12967 598 4951 6190 14649 
5165 15325 13283 13980 2640 408 6959 8336 486 13261 15033 
14079 258 6075 13269 15036 11538 14332 13023 2851 5081 4945 
5327 11218 9339 4469 3503 9945 10609 960 4904 15327 14364 
12666 12137 7323 2194 3334 10368 6853 6721 13676 8489 1284 
25 3652 9871 12115 3874 11178 6290 8829 8927 14630 9058 
6787 10480 2409 704 8235 5851 14003 2637 4688 9757 4340 
2996 4984 7845 9506 9777 11138 8935 12888 2526 1197 8815 
3222 11301 10217 6544 2267 2748 547 9270 14314 7339 11635 
4259 10310 3839 12755 3559 4528 13291 6072 13059 14980 6037 
15399 13514 14634 12654 12482 5004 12347 10206 9294 7638 10754 
10556 4315 14149 5900 13482 6224 701 3313 10467 4117 14845 
13916 1124 12592 11596 511 11192 3157 2788 2428 13079 1750 
2262 12069 12635 4549 3533 13732 14801 3669 4366 6942 12058 
8306 3879 4194 12223 13856 8504 10748 5465 10131 471 8876 
12537 3221 4349 2456 9495 14541 11498 13315 5782 1818 6690 
9593 10950 10435 6820 15013 12356 11906 12462 13518 6866 6881 
9201 12909 9863 720 6828 9609 5021 11474 6371 4564 14637 
6497 6392 2281 8050 3969 14968 15084 10743 645 14655 12620 
2695 12891 4111 6623 662 13577 15400 7567 15035 12052 14361 
8532 10960 11507 13242 1781 5740 9851 12660 4697 14726 15405 
12445 309 4546 4415 7358 7898 14679 1762 5639 6427 10039 
1575 4950 9353 14979 7259 935 14716 12998 12024 13339 12288 
5575 13302 2435 9449 11281 3163 13548 11711 8151 1941 7285 
11680 8906 5411 7298 13468 11658 5850 12920 10279 7990 203 
5699 9617 1311 5490 1111 9018 5300 3465 9371 4542 4822 
14091 3543 13281 4562 8657 10791 231 4986 1633 11690 2576 
310 5168 4370 9343 2212 12177 9456 12252 5214 14909 4922 
14620 9269 12375 2593 5381 4654 7519 5689 4721 7412 1347 
9787 3748 3701 9480 6279 6629 15109 13329 10653 14485 4893 
8663 2685 1767 12089 14182 14827 14553 6941 10864 1875 11864 
2062 3337 8485 6687 15093 1991 3091 12464 1294 7962 3181 
5134 8910 4598 8073 6676 15094 4387 5910 11440 5987 13295 
10605 24 7344 12900 14798 7807 7323 2194 3334 679 8312 
1672 7729 9195 7199 14938 15355 10934 2344 10535 4836 617 
872 3906 12264 12526 1997 10022 1247 1609 14278 11536 8942 
11036 6271 15301 10277 538 12456 6856 14995 11023 11366 2790 
11902 12942 11471 6748 12851 15246 10136 14413 15303 7616 9034 
8829 6043 961 6630 9461 4673 7818 8036 4901 1634 6685 
15052 5123 8986 5077 10718 12802 362 13527 15180 10689 3101 
13509 13374 1456 12608 11533 14476 7179 7606 2003 2568 4859 
7295 8029 11196 316 9986 6016 7379 3674 9993 12133 4803 
5405 2953 14152 8124 1209 7750 11839 8323 6374 3858 2810 
985 10665 13891 11988 7194 1587 10788 10767 2236 9906 3886 
5994 14390 3758 11555 1683 11705 14285 7855 3815 597 2125 
6811 943 6862 11298 10726 1212 9238 8385 11652 13737 13174 
3265 9960 7323 2194 3334 13124 8882 1087 7474 12735 1161 
13057 8330 1588 10680 4617 13129 2993 4681 6233 9303 11609 
4427 2248 8869 1776 349 14643 14973 196 10253 9454 5963 
9027 1279 10069 15155 4572 12533 2372 12116 3648 13852 4894 
10240 12122 11645 12097 3996 7323 2194 3334 7100 12370 728 
12548 3940 1007 2815 5477 689 15189 10453 9394 5521 12661 
8707 13646 853 13727 7982 15393 8471 2148 1487 10919 7732 
11304 9837 13902 1062 14377 11378 67 401 15200 2173 13354 
14645 4583 13229 3510 3881 1936 14254 7386 15021 5278 5857 
10750 9949 12519 12119 9318 8387 11290 2150 15382 11037 15398 
12512 2010 5265 6455 5829 10973 5164 8763 2303 7871 15283 
9277 12762 7233 6730 9886 11454 13786 14230 5814 13092 4176 
7563 4852 862 5787 11059 11103 1831 12819 4746 13898 4156 
12498 8370 10331 13277 1813 10202 5402 6349 8391 3352 8629 
4018 6440 6834 7212 10254 12571 9093 40 4910 760 4279 
8967 5049 3775 10907 7388 14457 7480 12214 9068 10993 5360 
9028 4309 12398 14608 4830 1321 822 11459 10416 2063 7952 
14815 12856 2158 9103 3568 14076 1841 9478 13542 7788 6149 
4353 2979 12795 13740 12074 9664 2391 15165 2687 9333 7528 
2622 772 7323 2194 14225 11562 8570 280 9019 9728 23 
743 15190 5211 5617 698 8592 6977 8244 3837 11887 13145 
8412 6854 2716 4745 4360 1725 9979 14929 14103 6420 3332 
13228 6914 8745 6129 14610 5966 42 343 6625 14733 6429 
7814 4924 9720 7626 901 1074 13532 5283 8406 8439 14114 
12653 5896 5324 1787 3499 3447 6503 6238 12684 4511 1756 
14646 1396 12326 964 2645 6165 3740 13881 9035 633 1044 
4964 9425 2584 6188 13901 8472 5895 13530 15395 14735 8677 
158 4143 13861 9923 12396 8119 7311 5996 8829 5867 4057 
7323 2194 3334 12954 7866 2689 13815 5432 12549 1733 5902 
13802 14500 2502 2429 11280 12298 1963 12590 1594 4295 473 
8829 7550 14475 15298 11395 15018 9634 8738 10645 981 15415 
4046 11689 14340 6723 2488 9780 13571 7113 11018 7066 9064 
13482 9341 8388 4920 2870 10234 10678 4217 3053 4877 14879 
2144 7323 2194 3334 10241 1104 9297 8703 562 1071 11106 
3046 8900 6767 10621 5041 15428 13562 14663 14058 2863 3198 
6411 10710 7749 5478 2032 6764 12029 4136 10769 10925 311 
540 3504 3542 1343 9021 13873 13157 12113 12291 10440 2708 
3328 1947 1751 215 2620 15368 14417 14115 15144 4618 9524 
13074 5306 512 5849 9812 2398 7693 1083 9056 12605 11845 
5317 3097 15166 13725 7733 7044 9041 8594 4455 1336 10969 
6286 1422 7955 11883 14042 6649 8800 5928 5882 14977 3376 
11899 12360 15320 6090 9173 6561 2031 997 5791 8078 11764 
1564 746 7068 3800 11472 8129 1902 10988 7556 9635 1711 
4072 5408 8488 784 5455 5075 1770 7464 12877 1293 5097 
12804 9081 7105 14880 1964 4849 8579 14913 241 15220 7237 
5873 15215 2519 3901 8128 14251 1566 9135 5503 1435 12384 
14346 3932 11027 8048 4553 1702 9306 13751 5150 10618 239 
2056 13438 8778 8481 15379 2325 14728 2924 10749 13111 3302 
4244 1604 6819 6538 1338 14317 792 614 2715 1938 7879 
6094 448 7355 5048 252 8530 14107 11065 6640 3364 4361 
3132 11972 15295 2644 9859 1709 4102 8335 12461 7176 12184 
8359 13836 10359 9624 13025 377 1156 4563 12543 7406 6804 
9138 14499 4322 4784 15058 7371 5949 4983 2266 15136 1226 
2933 12713 9073 945 3537 7627 3773 13576 2864 13788 10589 
12658 1179 842 10511 15224 4160 3404 5820 5784 12329 5528 
1611 7138 2902 3494 4865 1276 1893 4174 10243 13591 8662 
5419 5196 3182 9619 14407 7472 14768 882 14246 8732 10054 
1100 5969 10132 12916 13146 11349 4626 446 9638 1907 6107 
12499 6453 12180 4474 12043 11085 7753 14997 13953 10376 2964 
5118 10430 6606 5504 9438 10401 412 9083 1067 12914 14063 
10439 10715 7448 11725 14084 647 4531 13854 8714 9672 7759 
7435 5505 2954 15067 6342 313 8665 3215 9602 14894 10498 
6433 5536 6632 12792 7019 2256 3993 14290 2525 13220 3544 
13678 13326 4736 9562 8929 2775 7569 9194 15222 12472 5592 
11510 11525 705 15044 840 13554 756 1351 6379 1447 1207 
7784 10473 1006 3753 15020 10097 3277 12451 1503 1345 7598 
4278 6239 2608 10134 9267 9916 1787 14121 14274 6394 5666 
15239 7011 891 195 1491 580 4608 5459 1623 11494 13810 
2939 4354 11204 10077 8389 13794 761 8611 11934 5070 9531 
12694 12308 6011 15233 4029 1030 13323 7552 687 10380 1835 
2603 5151 14093 2105 14834 9901 5107 7817 10506 4327 11828 
553 2546 8612 5028 7255 10780 5071 11068 12575 5199 13409 
10786 9045 13621 12428 3431 8506 1540 11387 5057 5417 1260 
52 8758 12407 13024 11008 12130 6243 1645 19 10971 12187 
2925 3345 2852 6485 4810 2030 660 12593 13804 6274 10349 
5329 10415 3402 13672 1288 14752 6569 13407 8182 11579 3237 
12874 3779 14420 3601 4875 4953 7021 8669 3824 3333 9366 
14053 3965 11889 3467 10880 9407 9145 2263 2442 1807 9868 
14334 1747 2803 7054 9924 11522 2292 5629 13310 15050 9334 
14903 13687 13597 11520 10287 956 13803 10557 14341 2454 1261 
7465 11174 1478 5582 10732 12610 5481 6880 464 12766 5535 
5877 4180 15149 13977 5357 15102 3226 8809 8757 8691 11428 
3012 2463 9162 15206 6494 1326 4297 5013 7103 6878 15181 
5484 4196 507 12732 9470 4213 12955 9379 1527 8227 3482 
10468 4708 13464 6575 12050 11044 10891 7840 8556 907 10092 
10542 5486 7820 12883 2082 4108 4808 10110 7660 4103 14081 
8318 10655 13273 911 9080 15436 1270 10711 9004 3166 12669 
7380 9401 11146 5167 2859 12607 3031 6362 11663 4656 14252 
914 7966 14575 12636 13490 5426 11260 12255 9261 532 14299 
15 4374 6624 9698 12987 10591 15286 2762 6940 12912 3139 
1017 12406 1559 5387 4508 12778 14689 4939 672 277 5771 
3970 1817 14400 8280 8169 5433 3063 7045 1684 1985 7146 
933 2718 8590 2768 8092 5420 6013 11075 14433 2530 2692 
885 13885 2411 159 143 14294 12853 3795 11995 11175 555 
712 12802 546 11571 9950 2905 3563 6874 7718 14555 6567 
297 11880 3066 9069 12415 12416 7323 2194 3334 11933 3933 
1561 13930 14764 12647 117 12346 7669 4394 15142 2808 2462 
10391 8980 12638 10795 14375 12300 8664 15351 13121 8079 3813 
11077 10733 8713 5479 11230 15120 14353 9384 3592 5311 1442 
1458 2417 12302 5364 8491 14686 14250 10539 13437 6024 15372 
2001 4701 2700 14092 1787 11671 7323 2194 3334 1426 14571 
5393 14067 6547 1987 14544 654 2451 4643 3653 7408 9793 
15289 4788 814 15164 1476 14049 970 456 4695 11568 14615 
9761 242 11155 2988 5863 8689 14693 1142 12770 11857 449 
2103 7262 7197 5665 4494 6875 14660 2797 9646 397 9317 
4132 7114 10060 2823 4743 11194 5904 8702 9854 5903 707 
1590 8964 5874 4947 8562 10685 7085 10681 12944 7901 2123 
10101 15017 4927 7999 12993 10121 6363 11408 12361 2900 15280 
7949 10031 4449 5785 13485 508 1576 15315 5469 7702 12082 
4818 5636 4584 13537 8165 14690 2712 12847 10641 15212 26 
1692 14774 9226 11552 10839 10387 8618 2767 14611 358 8660 
1808 1921 2005 14598 10518 1172 2547 12450 5203 6679 11761 
11379 11286 15182 8146 13583 11295 1636 14235 15444 9348 8256 
8101 7724 11728 3399 14683 7001 7837 11497 12210 14844 13616 
3862 12413 1657 9707 6669 4856 5005 14572 5388 10299 7919 
12332 5738 7830 3183 13837 15153 6973 3423 237 11210 8739 
5313 12015 12394 13183 14367 5169 5144 6841 10342 5331 1281 
14928 8258 6960 4290 2024 190 13565 9104 1304 8558 15026 
9943 7226 4189 7967 1011 11660 800 2216 648 9772 1663 
12341 13414 4882 5998 11615 3245 2096 7041 7695 8791 11139 
3460 3257 3579 14460 15207 9969 4487 12913 7470 13421 3975 
14410 353 5147 3761 4261 3584 13981 8282 7274 8285 861 
1316 12470 2059 12314 306 9936 12703 4762 4914 11633 13549 
13972 12357 11352 3954 10808 5457 2085 8195 8487 9185 11984 
5886 6712 12983 14543 14670 13205 8829 204 2742 4748 5116 
9701 10062 549 6076 8834 6768 14324 13441 4942 5339 3868 
12103 447 9819 15407 6482 807 5976 15130 5842 3654 6751 
9954 8170 8721 13344 15321 5002 2671 1542 6185 14253 2651 
3269 13248 6460 10853 11686 2498 4510 1939 8278 1423 7659 
10563 13308 7642 4392 8266 3362 1969 14287 8183 12231 902 
13568 12053 14882 2069 48 8829 7152 7846 12403 13595 14006 
2721 5032 3995 2520 9739 9985 3048 3973 12134 2081 995 
6664 14381 363 14777 6230 15201 14888 3436 5474 12794 6065 
13487 2419 6334 1771 758 2522 389 3957 12481 9546 9204 
10899 5929 13768 3030 1448 11767 31 8937 7875 9262 14240 
478 8435 5927 9365 14479 3289 14162 1567 12393 9704 273 
1837 6311 11759 10373 1313 197 9535 12595 8172 15310 11412 
11588 2470 8578 47 10364 14439 14004 6187 11432 4019 13638 
3832 225 5434 3040 13654 1951 5072 8221 11189 2493 15281 
2099 35 8604 1944 7058 12429 10050 2481 14572 14638 610 
15392 2707 9636 14514 4458 5603 13567 12717 13946 4543 11225 
9752 6330 13657 4238 4296 13312 11113 5183 75 3745 4847 
4649 13842 4339 14201 9120 11473 3210 10889 505 77 2373 
4706 9114 11140 10942 8551 2275 11820 1919 5307 14451 7190 
5334 4627 12664 3539 8613 14260 1148 12570 6410 9070 12148 
9852 5538 14224 1809 8109 6156 1280 10118 1903 5792 14391 
5578 9738 8833 1845 11938 11714 10271 5922 7269 12358 5704 
8947 5889 13587 337 1712 3702 1465 13843 14066 965 14096 
1086 2014 3619 14619 8095 2036 3452 13867 4048 13118 2910 
6155 13994 11818 9399 892 11490 6403 8415 9266 15388 2659 
4496 7499 13035 11048 5210 4014 5560 9117 3054 13433 2997 
7476 4395 9067 10827 4917 749 8956 8088 5110 13066 15332 
13795 5209 1296 12503 6272 9922 1165 2952 5751 11241 10494 
6319 1085 7498 6813 3569 8529 7029 4375 11405 955 632 
2562 14370 10035 748 3267 390 1726 14125 7323 2194 3334 
5462 11675 14511 13626 15357 14127 9300 8748 5640 3207 9376 
1948 76 968 51 7591 12141 4274 4352 11433 1693 12234 
8918 12127 9539 13211 4771 2013 2633 1730 11798 3630 2367 
2770 11213 13282 8505 4915 12407 8922 12577 15421 8534 5703 
12818 14047 12806 4533 9846 6738 12200 8369 3204 5446 5662 
2840 5655 7776 3343 11163 6714 13213 12078 3801 14853 2504 
13045 7544 8524 1981 5837 12657 8445 13648 11217 10862 7796 
8001 6868 13834 919 8512 11780 5125 4952 257 15249 7778 
14787 14244 7971 7270 6484 14069 8061 1360 10345 9610 149 
4840 4667 1522 4167 3750 2560 230 3863 2533 3356 6287 
5152 7956 13746 2165 5246 6288 9364 7656 2981 13069 9156 
12389 5840 12841 1631 3454 615 11327 2120 6296 4450 1975 
1153 4841 5003 8024 10657 444 14869 5545 1243 2328 11944 
1833 1787 11195 4237 13289 5653 4058 9998 13884 10343 14847 
13331 10189 2102 10800 14893 399 13142 6788 10859 8042 4023 
10169 2223 9253 11870 11254 7463 2058 7757 8459 7055 9534 
8818 8823 10105 5631 12783 10258 13618 6784 9940 8110 8792 
15257 8572 7902 7960 1926 10304 7323 2194 3334 570 5448 
7299 12745 8829 4735 9715 5091 10871 7029 2402 7456 12313 
4208 571 14434 1019 15345 10027 1368 1480 7415 2657 3 
2468 1945 8075 4267 9474 1727 12477 11678 13774 2973 2960 
2653 13376 8449 4645 4185 7963 796 10931 5720 4443 11165 
4797 14444 13448 7920 8444 466 7789 11050 8242 14849 8450 
12170 6335 8143 10420 6259 6091 5029 6608 6066 15260 2446 
712 5836 6666 7854 2068 15006 7425 13721 5513 9836 7824 
12333 4059 7742 1073 11742 10898 7984 4251 4595 15158 9581 
7323 2194 3334 10500 14034 6020 10885 262 4897 7264 1021 
9639 7602 9582 14729 8367 14170 3113 8853 5030 14791 5965 
4043 14436 12622 2646 6888 5718 7492 6240 1959 6118 7532 
7473 10174 3757 5775 13366 12596 10228 8041 7003 10694 5950 
9319 81 3890 7313 14906 6284 9092 14635 7613 619 12965 
5190 2127 7928 6467 11495 8750 2663 2007 5624 10829 9783 
5561 10002 8782 1949 8519 8779 9555 5730 13807 10553 12319 
13791 14453 4713 3495 10594 3522 7961 4883 11402 14300 2418 
13255 8515 13327 3085 6927 6042 13555 7489 10937 6846 12405 
11940 12350 7377 5184 7340 5654 7815 15116 13483 3116 3233 
11245 2564 7985 45 13447 14438 1881 2500 5308 9237 3664 
5489 5102 2065 12615 5155 14070 14303 6207 9824 11695 424 
442 2911 15117 13855 1440 2970 5143 6308 3107 12737 7177 
2492 11982 4461 692 11637 7323 2194 3334 1400 9291 12805 
5583 5739 1971 3481 11723 9066 4263 7303 13294 869 10533 
710 8829 2917 3816 4472 11706 5494 11437 15380 4946 2214 
4060 2978 5400 8298 1200 9574 2374 3019 9286 6653 3628 
3270 6987 10116 1024 9331 2586 12614 6172 3507 13826 11448 
6962 14257 11910 7725 2501 2782 10194 5221 10549 4215 3164 
2609 7323 2194 3334 12138 2089 9090 6117 13688 15430 3860 
8206 10537 5696 10987 9014 134 6148 10835 3310 4970 9507 
6085 2606 1028 8985 4078 6447 9075 5657 11173 7975 6555 
2307 221 5333 15256 12984 13147 12263 5855 14730 368 6871 
6179 12419 2879 10588 5858 9959 14884 2915 12149 754 4232 
2240 3873 2045 3687 10582 7968 3545 8639 13743 3227 5512 
14270 6734 12019 734 14793 9128 5161 10729 8094 786 787 
14512 2305 684 15146 14265 8397 9974 11200 641 8 4749 
1787 11167 8135 1053 13081 4733 5614 2019 14778 5217 11853 
14007 13502 9422 10980 3840 10135 3557 9299 5553 13840 6317 
13838 12207 12273 4004 4785 8742 11941 5369 4389 12940 2802 
15134 10023 9804 12710 5579 14565 6495 5811 3620 4337 8484 
5088 7941 5015 846 11917 382 11134 10802 11528 8802 10339 
6965 3712 14804 3276 8451 10659 1201 2536 3219 13301 7559 
11487 2118 10140 4881 6382 4454 522 2098 11170 10836 10911 
14851 11110 8395 13717 11424 4635 7713 7323 2194 3334 11482 
10266 7745 3239 2369 9078 6533 457 13082 8873 3228 4036 
13613 6046 11865 9607 14854 5909 13679 10257 893 13735 13072 
2911 9295 9954 8797 9795 8879 10573 11264 14852 14734 13064 
14100 12080 1110 9970 9591 4895 1166 3203 7595 121 9684 
11072 10433 1176 8687 10916 8969 14877 12704 2469 2591 12973 
5284 6022 2594 15272 1287 9493 4537 439 4814 14631 5803 
11256 7889 5414 13430 6450 4331 514 5796 5352 5823 7029 
3599 9084 6794 3417 13887 5050 5585 9496 13160 3160 10561 
5294 4815 11894 8127 10154 1219 11117 7390 13474 9512 10483 
6512 12243 2471 8733 7279 9742 6477 11013 6599 2310 768 
13692 7403 7288 1068 11892 15394 10572 9288 4648 13658 3626 
1410 15060 7135 8829 11207 4106 7323 2194 3334 3942 5119 
2746 6746 8000 12087 8939 6531 9369 124 8771 5544 10526 
12637 4686 9649 13306 6132 11296 13844 4020 177 9537 14118 
3109 2489 4853 278 1059 5688 5040 7738 11998 6645 13244 
3841 3698 4356 374 14491 10700 3280 13189 13707 7957 2237 
112 12644 11946 906 8630 3186 11083 764 9491 2967 3028 
14393 11809 769 5541 4161 4200 3008 3693 10547 13286 14550 
10822 8770 1306 9282 11655 13827 49 8523 15297 7249 8950 
7020 7272 5354 3331 409 2124 11359 12552 3934 9423 14432 
6180 12797 12443 4871 9413 13706 9229 2911 2891 9637 11041 
4181 3631 12929 4253 14171 12312 3295 543 13938 3755 4405 
2140 2221 9743 10082 9330 2648 14837 1802 12767 13939 14210 
4974 14800 1787 7649 2928 13637 6125 1928 12969 14262 6673 
9860 1668 8535 5709 11464 7035 11569 2250 3339 12974 3621 
2415 416 3312 2084 9429 888 13101 7819 6252 1651 3509 
12663 2887 33 6641 3520 11782 13065 516 10768 12609 5458 
10566 3489 14333 805 2838 836 14382 9603 8781 6283 7439 
12670 3708 12447 6041 8943 12776 318 4201 8398 11157 6861 
2853 11604 1203 3439 10936 6763 12708 3415 12796 4884 9430 
4694 12334 1177 8858 11879 8416 3918 9796 14282 5951 2732 
14675 5845 8268 15329 14966 11736 10019 14990 4585 9065 15396 
12557 1220 969 11308 14830 8307 3032 6390 13665 9807 5082 
8019 9678 4341 13951 7568 3913 5187 10445 13664 2829 13718 
13841 14132 4928 10367 8403 7286 7752 12112 243 14223 14267 
7117 1954 2472 6302 1319 1694 15221 7345 15211 3882 5416 
188 10265 12875 2306 8794 2595 8192 11004 6895 12740 3379 
8191 2091 944 8694 11773 13961 4298 1112 2942 123 1242 
14128 11800 7323 2194 3334 10431 6298 5672 3976 2596 8829 
5230 4497 11737 6741 10540 14044 2026 11586 5136 8118 9994 
6054 13043 2185 1035 10487 5066 13629 14983 15333 8494 3288 
7647 3135 13522 2293 7275 12070 7719 6650 11541 3156 3666 
5887 7531 9770 13950 795 10562 8166 1827 152 4764 1084 
6924 2843 1348 6726 2769 3472 10886 8363 12502 9808 11271 
10009 13165 14113 659 12673 13895 8681 8682 5103 36 9766 
604 12077 5682 2364 3892 11047 12988 1779 13533 6273 3496 
11015 2352 7029 9047 11762 750 4209 15426 1958 11364 1202 
2255 13960 7094 15154 14998 988 4523 3247 14404 12467 1275 
6793 14572 15133 5725 2272 3606 4913 10745 951 9134 11957 
3715 8520 10061 13096 6559 3100 10701 8039 5562 9206 10796 
11357 9089 5676 5563 1621 4519 9354 11739 4651 10246 1508 
8945 13631 7988 9705 12838 591 6890 3935 6203 8624 2888 
12457 5264 2532 13431 10275 12758 2172 584 8856 1218 12156 
1129 4262 7029 4129 7932 8390 5626 10093 14627 3517 10025 
493 9855 15406 2825 576 6876 7209 12573 2632 5037 14164 
3960 7581 1048 9351 14515 14887 6350 5570 2776 4981 13005 
12724 9856 9264 15313 15422 11263 13491 7300 2319 12504 7071 
32 7002 8082 6594 11247 6236 826 181 14939 4653 7049 
4755 9716 4684 11206 8180 10519 5776 14574 8536 4401 476 
8744 11122 14344 2194 3684 12652 1568 6915 12994 982 8919 
12760 14153 3553 8427 7323 2194 3334 8081 10939 12928 14200 
7688 11691 6924 13619 6458 5685 2554 3122 7239 8014 958 
10583 6109 11543 6554 1231 3803 10770 5335 3392 609 14935 
1479 4737 3948 11811 2220 2757 6401 12744 5142 9692 13496 
14762 6564 10166 3967 2572 236 565 10281 12779 1158 15308 
4373 4091 14228 3847 8333 11340 5058 7747 10514 1052 7079 
3649 9699 2497 8005 13411 1037 7106 2430 9614 11045 13337 
11463 14591 8814 3887 14196 12686 13262 3196 2351 12860 8715 
3042 414 13641 1510 9786 11039 4241 4186 12807 8719 4085 
850 12858 7451 3613 6684 12975 271 9132 11354 13051 8372 
14106 12040 6636 13158 11046 10434 2676 5695 8204 2763 4154 
12569 1298 9659 10595 11949 15383 3511 14414 1900 8863 4530 
7294 7655 2958 4245 3549 8938 9826 8040 7520 4729 2670 
1819 12803 4504 13569 1482 8392 82 3487 7466 3661 11330 
12518 13102 14384 2946 1606 2223 232 3286 10308 7337 13674 
1082 3514 567 15096 15072 13608 7715 9503 5648 8067 14203 
8074 3694 7696 3050 5999 7806 4500 525 3244 4037 10464 
14723 10661 13347 5806 13378 14545 6004 11885 8400 12991 84 
5423 6250 495 10297 9629 13133 5564 10106 13330 10230 2977 
11612 7973 2039 9525 10759 5580 6657 6537 7812 15364 12 
7323 4717 8930 8821 13550 12260 13236 14415 7446 9640 13027 
3261 1734 490 9620 6405 6124 4804 6211 6005 9190 15385 
5370 10120 2129 12530 8886 7891 13796 14783 4079 4994 14978 
6134 3972 5756 4663 9518 2135 1834 10884 5497 13044 8410 
2696 14139 9802 14329 1025 12486 10585 2897 4042 3577 1449 
11416 4335 2011 330 1285 3058 14740 3389 3731 10569 13210 
5245 5736 5170 7323 11570 13500 303 6713 8052 7794 6902 
772 7775 10944 2194 6627 4789 15143 5060 13424 3981 4867 
9514 3373 9395 5734 6483 11339 10182 13523 4150 14386 1182 
10327 12855 8252 7701 3519 8401 9472 5894 111 14396 13556 
9391 6785 5716 3500 4558 3290 14702 13488 12665 14899 6012 
1080 13293 4345 13169 1920 8456 6557 7953 4773 7622 378 
13482 9838 1764 15171 8273 10432 10158 7063 5435 7580 4104 
10734 2203 259 8083 10626 8103 9857 15423 10686 11427 5678 
11983 3541 1659 9674 7351 9876 1929 15024 2121 11478 5436 
7590 14444 5634 15373 3401 13221 15276 10994 6715 8881 5310 
4128 14233 325 12525 15027 10491 9232 5121 950 671 2796 
4905 1315 4083 1858 718 13869 7174 13088 13264 126 5613 
6472 5620 8806 2194 14865 9706 12117 1905 7619 1664 4093 
10866 6162 12881 6419 384 9105 7515 15341 9785 11544 7835 
7319 12301 13853 4294 11576 14546 1224 866 643 5677 3414 
13460 12943 6167 1208 9744 7254 465 422 11991 6352 5233 
46 1889 9280 4226 2731 11418 13426 5548 4122 843 9149 
685 5684 6968 4596 6130 11598 2739 12642 14365 14721 13324 
7323 10755 10778 8760 4235 3855 14563 13361 10245 6152 8883 
11093 11135 5437 11514 10727 10377 13719 7551 7111 8971 8292 
12195 8981 14035 13581 8560 4699 18 10095 1049 11258 15170 
6183 4613 1787 5565 417 276 10623 744 216 14172 1018 
348 14424 7903 6000 14272 12256 8322 3853 4674 10951 2311 
13187 15264 13278 5761 2038 263 2194 3334 15065 375 1350 
8497 8213 452 4907 11108 9658 1917 7265 1741 10651 4967 
12478 4988 6010 6028 5427 2820 7323 2194 3334 10650 8324 
2088 7004 9568 9955 10652 3920 4422 9436 12440 7119 419 
13817 2837 5765 2197 2175 3027 4182 2067 12674 10837 12247 
7121 3596 1864 9621 1569 13159 2865 14872 3159 6501 11821 
726 1706 4379 12655 5319 4888 9515 4621 3552 7278 14665 
3382 6099 6568 6682 11813 10634 11436 1119 12907 10481 3366 
10333 13407 13907 7785 11232 14647 6254 1309 9475 11269 11841 
6216 1632 1698 5410 6101 2548 12316 13874 2998 12956 14156 
1322 364 13586 6214 12514 10356 12414 2377 4130 14761 5599 
11903 14588 5620 9800 4806 6488 11233 3334 7751 3278 4639 
2599 13410 11616 1894 8237 8825 13633 1327 8987 1312 2012 
1824 13650 12581 2168 7419 11564 1121 7213 2213 7073 8286 
1194 10425 6702 6980 13857 2193 2112 1181 14478 12030 5385 
14493 12392 2 5202 11203 2297 7076 12764 7074 4559 6663 
10000 5076 4816 9097 4539 11237 7323 2194 3334 4015 3554 
9588 7768 12705 5467 669 15038 1328 7038 15039 8968 12901 
4105 9647 2955 12616 1150 13406 11309 1600 435 8239 6080 
5915 7455 8051 2777 10947 12212 8559 2345 7006 13372 10972 
12251 4756 13021 7726 8314 1034 302 10776 8619 12054 1330 
8977 13253 70 14656 14146 9388 11674 2224 10374 372 530 
4955 7526 12449 10314 4620 14782 501 7323 2194 3334 13819 
11361 5366 6911 8700 8269 6909 11570 2841 2075 5831 5025 
4819 7365 14167 6387 10003 8537 6081 14835 7441 9396 702 
7323 2194 7852 1417 4591 429 14406 14659 3681 10184 5817 
5096 1787 2219 4269 2350 1547 8152 15365 4384 10030 12051 
10666 13912 2613 9809 767 8171 6289 12500 10602 1729 11234 
3898 10125 12484 14624 515 8829 8728 14263 4524 11701 11441 
9403 12213 13285 12836 2231 9186 695 1551 85 6792 6996 
11580 2875 15266 10068 13318 9972 7421 8600 1403 10028 12772 
14148 4954 6765 4448 8788 2600 13864 11589 14664 1145 6842 
2321 13723 6661 8764 7042 9258 4936 13814 11294 2751 9771 
14578 2575 9761 5282 2025 15243 10303 14108 8887 11451 2265 
2040 1402 10720 11374 2329 5153 2923 6396 7343 10687 14719 
5223 6821 1859 4520 2874 4863 13161 9411 7320 12650 1395 
12576 10721 11011 3167 11745 10975 426 5141 4918 5380 7447 
7029 12960 4588 3736 12798 1924 11168 4844 10038 12238 8044 
7140 10492 5450 2336 1795 10976 652 2277 15370 8831 1665 
625 13164 9873 10044 9 904 7964 10301 1742 11795 4429 
3633 11141 7409 4730 11631 8904 14949 1906 6919 8591 9899 
7391 556 3663 7323 2194 3334 9691 13917 9935 13230 8293 
13605 3131 12902 13579 7309 12173 10114 13355 11871 2177 11434 
12789 5975 6106 4012 13475 3749 13011 9030 3893 1517 8978 
15439 590 7095 12182 6893 7207 10772 4146 4929 9751 3645 
13186 13996 6760 618 11385 3283 12678 7912 13238 5993 479 
212 11397 11235 4329 13089 5332 11557 11654 392 11868 1473 
8931 9320 6755 12963 10252 4227 6582 14898 6818 9912 9754 
1873 12867 8145 12245 15071 7572 2529 9905 13459 11029 6228 
379 9116 7731 6431 11246 3074 5063 4281 13400 4679 13195 
10155 11284 3524 12995 7169 6786 4094 1518 12611 7801 808 
5906 14666 7032 9235 15328 8393 4239 7493 8053 9552 2436 
11628 14458 4403 3710 1579 9118 1382 10142 1918 8991 6358 
4385 14082 14379 1076 12225 12436 9469 11727 6435 12578 4137 
12585 11824 2833 15218 5992 5892 12544 7306 5012 5757 15434 
10999 6464 7831 9758 8583 2752 4410 13054 12410 10992 4112 
5825 13771 4971 3442 635 2541 1970 7159 7821 3919 851 
9919 12309 9352 4490 6331 13624 11323 9606 3676 5788 4602 
3448 2495 6388 8708 870 3325 14930 2217 14028 12230 6642 
7344 13103 10995 4260 6672 602 4212 9305 6097 2505 14650 
13254 1314 1787 5705 548 14279 3217 8972 12490 6186 13745 
13525 2405 9444 15001 7454 7992 11601 7991 3999 5373 115 
12837 11726 1249 7229 14347 10407 2447 10613 11545 13847 8276 
5301 773 11575 4761 3466 8187 14559 14059 1763 3476 9516 
6831 8626 9346 10959 2935 940 14934 7323 2194 3334 14459 
1871 11107 770 8753 9835 404 5918 2033 1003 7227 14936 
7980 11623 3493 6496 13234 12731 3746 1146 9713 6141 1323 
714 11038 708 15098 14756 8780 9076 8181 10115 4796 8396 
13249 8026 13993 6490 10370 14176 6754 11069 14017 1710 14823 
13338 8065 7917 13625 3946 5162 13132 599 14306 7263 4173 
8100 3001 15339 11591 2705 6196 7594 5204 1647 7882 11890 
11147 7611 14684 5312 4061 334 12859 14867 8253 4000 472 
7650 5539 6457 2480 5752 14621 8647 8230 5841 8652 12861 
15217 7244 5649 13694 2285 14072 10388 11643 5132 11558 6026 
10010 1164 326 1884 15409 14579 3937 14866 1324 14797 10523 
2872 6407 6826 8305 9673 451 939 5314 5325 10018 3751 
13313 2524 9773 15244 8638 10912 13578 10845 1746 2904 4242 
3859 7657 510 322 3607 10679 11560 2384 11306 15127 3351 
10042 977 5061 9148 11331 8467 6935 3195 3660 12645 4231 
2190 2983 12365 11396 13212 13380 9482 8070 3763 7664 12934 
1269 13651 8822 10896 5460 13535 4941 15062 6035 4740 11007 
5384 5941 5054 8261 398 4302 14836 15375 3296 6626 3602 
5326 12748 15311 9896 11688 2550 13036 11855 1143 9260 4839 
10175 14908 5515 10231 12889 1160 6470 10489 7947 8923 13611 
12142 3165 2422 4168 11481 4010 10521 4565 10713 3273 9690 
7323 2194 7292 3256 3238 14671 2066 4008 12459 1205 14547 
1897 14141 7216 13715 15025 11445 6142 8125 2517 6504 9225 
7323 2194 5978 3764 8743 1188 8627 9550 2461 5042 12726 
7849 5483 15099 4548 10851 10088 13875 1793 1708 2417 3793 
10918 4013 14093 4098 14351 14465 8245 6974 11302 11452 12840 
2786 4243 1267 4152 15342 6688 13369 14349 13148 2434 4513 
69 11030 10351 2578 4435 8983 2969 7654 3538 2660 13364 
8812 4287 1385 11850 10171 9920 11757 12761 4631 14060 13417 
12283 2531 11216 4689 11500 14036 3136 14337 8587 2427 15340 
3560 2792 7424 4017 13922 858 10168 564 2449 10943 3515 
6722 8303 15122 8533 15004 3176 13128 13710 3385 11413 6964 
10476 14466 10322 1217 13805 12496 5974 763 11496 13218 4719 
3444 2006 9452 4675 4062 14922 11627 10163 10926 6769 14855 
2728 12421 13767 6343 14467 3739 7475 14298 13206 4886 2180 
11668 6743 4646 10244 3994 4763 6498 12979 10620 10323 11822 
8861 1481 12506 10029 7266 5424 12025 7067 2866 2159 7104 
3479 9025 5466 9898 12189 9502 11362 12752 12031 11769 10312 
6276 6234 6293 14593 7357 9825 13384 7769 1758 8911 13670 
9983 5262 8844 2677 6389 9106 3052 5589 7708 7304 9767 
8178 3406 12775 15115 2135 13682 13785 59 4512 2880 9279 
137 14969 8287 13904 3501 13298 9964 8614 15085 1660 587 
8337 6648 312 11929 13602 10096 658 12813 11807 60 8254 
6381 6601 8936 10670 1890 8620 14820 14133 460 10466 3432 
458 8641 3891 1060 11009 4781 6665 2090 6989 7143 10630 
8577 9445 13949 6525 14085 10723 837 6473 4968 11595 2218 
2814 11197 12272 9597 6137 3902 11289 10148 3394 568 2558 
8510 7876 1993 6008 11605 11931 3347 4832 388 14181 6969 
8683 2143 6903 2894 12466 920 15234 5529 6246 3118 691 
11215 3357 12269 3947 14918 6527 3043 7593 14612 7503 15118 
7822 1492 13031 7911 1081 9862 7043 8875 5073 13115 4616 
10216 2754 15425 13037 3184 6340 3690 6154 13573 10172 7505 
5774 6731 4436 12066 9947 1748 10450 5412 7240 13149 12021 
8744 7323 12366 4475 8609 475 4628 1653 107 12190 2661 
14749 10773 6739 865 12083 12008 12275 636 2573 13634 8228 
3433 9644 1096 1737 14486 1697 11624 5438 14088 14399 11391 
2989 631 4303 2697 13091 830 6570 7610 11052 9655 14765 
13383 13967 984 5758 15125 11817 7323 2194 3334 15408 4693 
14704 5365 9254 3944 14518 9476 8720 13001 12172 5779 2734 
2937 1877 8596 11070 6402 4739 7093 6708 7521 5368 12730 
3424 12324 14045 2412 3695 1056 774 5491 11334 327 10751 
6313 627 12923 2477 5778 6595 2115 12407 910 7537 7823 
7926 699 2245 12385 15063 4569 3370 13936 4285 7028 3348 
2097 10192 7167 3782 13615 167 12648 12780 10735 11381 7935 
2911 14061 3483 9622 6282 915 10111 10484 1367 14808 12009 
4696 12523 8766 7692 12042 5741 13377 12276 13896 194 1847 
11826 7426 11315 4879 7828 6143 7700 6647 5549 1648 301 
3462 5801 14713 11629 12391 6613 8620 9992 1369 10288 7767 
5234 3784 7220 4842 3378 1051 15048 3303 6572 9389 13176 
14087 11084 14822 8826 4437 6779 2225 5480 1318 2086 15019 
5421 8948 9902 11896 410 10408 2464 6333 10762 628 11005 
4601 6946 9665 11243 5051 1470 6077 12624 5853 8648 6847 
12945 12289 12235 4214 10227 9046 1669 7047 9841 8544 2130 
7323 2194 3334 8990 5681 11293 2057 1774 9316 12706 13150 
11133 13240 5355 462 7836 6173 10250 13185 8493 8803 12898 
1537 1046 6003 10546 578 13117 1909 8924 5449 266 14984 
13798 307 6848 8829 6658 13593 11852 4249 908 9386 14741 
9594 1713 174 630 656 8829 63 9712 1654 13137 1193 
13585 6126 7241 1699 3240 1557 445 11847 2926 11587 2626 
7782 3848 14746 13192 889 5642 6550 12746 10283 4155 9630 
1354 1381 3555 12121 2322 12763 11066 2639 6303 5287 218 
4957 10662 14434 13905 2553 11812 340 916 14173 9721 8246 
9680 9928 9283 2857 694 9373 3593 14707 1526 5390 4179 
14736 13482 11922 11915 8874 4502 5392 10574 3491 7141 14875 
4777 13635 7773 4712 5348 1617 450 7341 10404 14408 3350 
9813 9450 3021 15184 930 9247 2189 7101 4498 5492 286 
11102 6424 13716 4171 4972 12849 10309 7538 2881 8454 15330 
12099 11071 13991 4063 2590 14037 1282 14580 9223 12161 9338 
356 12431 7157 810 136 5127 4157 2273 12520 7717 6051 
176 12055 10474 10041 3704 4725 9735 11956 1216 13779 10089 
9465 11613 1787 5501 228 8729 2076 12378 8482 4396 7230 
1229 12335 10637 14640 3416 1844 10264 9746 15214 6476 11400 
6586 1149 8147 1378 7208 2848 11825 10017 14313 15390 10777 
5668 14447 3241 12036 1677 3922 1496 9177 13018 256 666 
10532 9996 8123 6415 12680 14237 7378 7986 13432 14799 9577 
2181 8513 12613 6337 13443 15049 6656 5760 5239 10334 2523 
3243 2601 10045 7323 2194 3334 1635 779 6176 2198 8932 
14743 11911 3785 13340 5148 6910 3724 7115 5870 14373 4300 
7033 10033 5723 13644 13348 7921 11373 11417 5568 5595 275 
7623 10086 9763 10419 13574 12242 4992 1097 2496 11547 871 
13911 7816 2365 7584 4664 4255 3866 8946 13617 9740 14490 
5499 5067 10815 12159 14881 6351 2376 161 4414 14592 1414 
13780 6727 13309 1489 9473 12162 3193 1072 13489 12946 4459 
823 676 13214 8364 1626 2407 3615 9762 5920 9874 5131 
9437 12208 721 207 14180 7231 1069 14904 2869 12505 10691 
6078 7461 1371 9779 14307 8115 2985 11666 383 11324 7084 
9689 5055 10076 2408 4095 14956 9392 15323 12725 8185 1332 
4996 6174 7491 12930 9892 9234 3469 5126 7976 6573 139 
10365 4233 2884 6652 15232 1352 10395 12584 1292 10469 9421 
4647 820 6770 6925 10316 1804 12362 5789 1022 2087 7857 
1896 2789 5205 8561 7746 3144 9904 4698 13010 1766 11429 
2414 15360 12382 14366 3400 5526 6031 3102 7478 6981 3473 
3629 8117 13962 675 14651 10803 7576 8636 14809 3497 12894 
9544 9775 13279 2174 1444 3309 10198 13172 12105 2320 15361 
4491 11238 10436 7547 854 2662 2022 3807 13566 8912 12688 
1354 14993 14599 13305 11161 1116 5807 1577 1439 11501 13458 
5095 15414 1898 10639 1466 12253 4109 13872 7009 5197 1036 
11897 11120 2658 936 12237 5706 15316 11641 15064 9893 15056 
2654 9878 14811 6478 8726 12747 7330 5146 13123 6310 14796 
11104 3369 4750 4440 11697 11483 5404 5643 7078 13175 2980 
10991 7236 9694 7643 8695 7154 6918 14297 7924 10774 5247 
4190 1667 5507 6885 8984 12966 14896 1843 4009 14708 9463 
7242 13675 8139 1650 5958 2906 10164 15204 14039 14800 1787 
13138 13452 12515 14243 11621 12793 10280 5104 14258 6937 7161 
87 6921 11912 5686 2060 13151 2138 10619 6208 5000 12369 
12034 10913 9290 14652 7277 6487 10049 13508 1437 7978 10094 
4665 3425 405 3464 3230 13773 1882 14369 12338 10137 3319 
1377 10052 7289 1486 7223 10315 7280 9359 5124 13772 7624 
8214 4369 7250 14821 14098 5415 3605 7797 480 10797 9158 
7553 12373 11369 328 3455 11951 1911 189 10599 15348 14269 
9213 1994 11997 9189 13909 7287 6971 11823 11179 670 10882 
5359 15106 9255 1171 5675 10081 4413 5815 13055 13239 12756 
1773 7010 11515 8133 13245 9345 8249 10213 611 2826 1432 
5786 14846 8474 3344 4293 15275 1419 8914 8428 9307 6275 
3603 11945 15247 7804 7582 9526 9246 4147 7178 11358 4138 
5255 8205 6719 3443 9888 11274 8829 13811 4462 2399 10575 
3984 14758 7372 7508 10576 3744 14942 4133 1297 6425 1780 
9107 8394 4732 10697 6146 13413 7318 8507 3368 2341 4210 
10792 9427 9723 7539 5596 21 1342 1195 11316 10335 2512 
7467 235 13821 1213 7959 3078 9891 2669 3384 8263 3084 
1865 5356 3956 12656 268 7518 6448 14296 7253 13659 9759 
12850 12830 1265 8084 9708 6325 6360 5743 9298 9760 4463 
2299 10071 10671 8047 8156 2169 7826 3805 14376 14900 15309 
6365 11518 11676 4124 14885 13470 5034 2818 13019 7827 5038 
7540 8848 7500 13627 8209 13515 13997 13215 10218 12355 10284 
5482 600 6045 8407 6857 5258 3003 4197 2740 12823 12020 
12185 3691 5712 8295 4550 7031 9820 13267 3231 11491 291 
15162 3437 3513 3720 8711 6696 9335 3041 1800 15248 3411 
12992 7109 14940 153 11226 7578 10529 607 4672 11651 8740 
12092 4644 9183 10567 2238 2600 14099 11669 9466 3093 5198 
941 4408 2458 8068 2008 2152 11111 5133 9494 14498 3047 
14360 14921 7413 5315 2426 2778 5350 8222 6150 4187 7612 
11058 12205 74 3735 8913 1536 592 12363 14891 12068 14075 
6301 8379 8003 4107 10165 13858 10929 13334 14944 11778 1190 
7323 2194 6227 793 11398 7673 7091 7029 11765 12277 5024 
9660 3022 14824 2330 483 13467 2561 3034 10378 4355 7479 
3275 14843 12572 2346 7395 10531 15186 3651 11958 7987 736 
5611 1870 12948 11877 2162 11527 13173 11960 7360 14165 15285 
9296 13681 1933 2854 10812 11014 15412 7730 1555 12236 1930 
2811 9481 59 11499 2667 13531 1384 8452 12494 9828 5241 
3770 740 8136 11414 11913 11080 13697 9050 5942 8642 12386 
10524 9778 9278 7430 1484 180 9600 2986 41 4144 10224 
10834 7883 6651 198 9681 5401 4581 13095 6877 11967 15197 
2386 9973 6198 2095 4805 14074 7936 4921 10760 5080 2535 
14213 3622 13784 6617 13131 8210 7501 13135 1849 9596 6521 
11716 6725 7017 55 15413 8461 8490 7646 4032 6086 8342 
6017 2108 2616 3737 10781 9583 3574 7884 14813 5764 14427 
13287 7727 13119 1869 1538 15223 11783 8114 1775 9274 4807 
1620 2940 5279 5130 9284 4280 7036 14031 12057 839 3849 
12018 6827 6062 169 9146 2827 1979 12662 3722 2962 13598 
1497 2046 15000 7026 8251 3480 3781 12279 10360 6292 1227 
13039 1784 5669 5281 957 3796 3185 14301 9402 11709 12677 
155 14331 1054 13693 14321 11162 2773 7059 5059 12491 4570 
4637 9951 2433 12509 7969 2478 9217 2779 13058 8299 6200 
11731 3108 254 6939 7189 10538 5235 8573 8755 1989 4723 
1738 11712 13009 1055 4406 11118 3535 6852 13669 15045 1013 
10479 2195 12790 1098 5835 10742 5717 9184 3556 3407 9642 
10833 13906 8238 3422 6562 2819 7423 8839 184 12784 12750 
3896 10037 1791 2974 329 573 1718 11492 6327 3359 6815 
7323 2194 3334 3358 14247 4071 3730 7133 2061 7307 4067 
2846 8554 5493 11363 5085 5463 10063 9712 13848 8712 11224 
6380 13799 385 10558 8375 2295 7200 208 1376 13596 11325 
2228 8845 14195 13923 5670 165 15007 7123 8933 2100 5227 
6267 3316 5273 829 4027 10869 2845 6210 5875 13952 214 
10756 9042 4833 7214 494 6115 972 6255 2805 3336 12167 
1580 7203 1078 5001 3642 6067 2675 9051 7810 9091 3187 
5522 7323 2194 3334 9683 5587 3451 5114 11619 13501 11409 
13897 8310 8926 244 7516 15014 6263 7570 4068 12292 13086 
15210 3216 11455 1031 5947 2363 13067 1998 211 173 6576 
14937 4035 14755 8011 3856 4943 6882 5089 4975 5621 7506 
15105 815 8141 11287 588 12546 1856 13747 13563 12879 8717 
5554 6680 5641 7933 9126 1359 156 5726 1823 10307 9551 
10892 287 9242 8698 12844 11112 13461 11335 14175 12345 6589 
10914 14699 6683 11549 10344 7770 14748 11214 314 11720 9193 
8356 8020 437 4870 9894 6975 267 6633 3006 6158 11898 
8279 11942 7774 3475 6634 7180 4178 790 10149 12038 7468 
4162 15282 13647 5194 8418 2194 14812 8420 2976 10448 9424 
14604 8666 1390 11183 6280 10337 6422 8963 5383 12809 8043 
8684 12769 8069 9113 13418 4766 11551 272 13543 13636 8376 
10085 7907 4273 6159 11505 11602 11508 5172 3220 14952 13341 
14914 2540 5619 8288 11863 3536 14954 14916 1705 11920 8944 
1477 14124 713 3327 14184 2079 8349 11900 9958 3076 5907 
4248 2507 6797 15277 4467 13642 13702 3768 5650 2569 367 
14828 12129 14981 4495 8385 2961 12175 1614 14488 1927 1494 
8892 10355 6950 14972 1499 13216 11425 11882 9022 14018 13871 
12076 3594 15397 10724 5884 1475 2744 1644 7628 11597 10703 
5440 5844 8480 1459 15002 7689 948 7061 7158 11802 5590 
10462 2994 10640 13497 4316 10568 2730 9153 9227 2388 13868 
1787 3297 15137 246 12671 12154 13564 4809 6616 12157 2690 
5524 6543 831 7334 98 6698 7352 12692 4525 1848 13812 
6749 12280 7444 3657 11078 8377 13040 6916 1670 2290 8998 
5445 12452 11055 8160 6104 4100 9458 11209 7029 1655 13924 
8686 8193 4671 11699 3123 2004 8688 3395 1952 7062 2791 
11692 11486 6990 13209 13041 8408 5108 10867 1032 9052 12922 
7323 2194 7631 15195 2907 11846 441 6605 3711 1639 14320 
3904 3790 2300 11098 14304 5094 14352 15015 1141 14169 10779 
13649 10793 10527 12022 11649 99 12047 420 13943 2627 5340 
1553 10357 11730 2034 11136 11740 7396 6703 4911 8706 1826 
2316 1010 2938 909 5607 9207 5068 3013 1735 12246 2413 
2071 119 12017 14077 15074 9932 9811 6776 3697 5026 12320 
9731 10442 219 5363 14568 918 2605 7051 6577 8901 12339 
6689 6759 10570 11653 1514 5345 8511 222 6757 11360 9946 
7400 160 7198 9747 3456 2737 11559 7939 1404 10214 8767 
13319 9308 1460 7972 12517 8829 12118 13052 10064 3171 3393 
335 10957 1307 2313 14032 3110 12869 8215 1820 12250 3133 
3786 15187 5056 4726 9259 5256 3408 3634 4460 7218 114 
7899 1899 14198 5052 14129 14919 11750 6359 4659 12049 2764 
10811 2420 9016 9250 5226 7601 13208 7517 14202 4240 15042 
2431 8709 15416 3189 13300 4402 7290 6869 1794 1469 13427 
6596 7404 11307 509 1744 13235 13477 10225 12985 8463 6299 
6944 14335 6598 3441 352 14131 10930 8173 12910 6612 13353 
1787 14698 3938 12432 6893 3023 14480 2618 5952 2614 9788 
5043 5625 6178 12618 14308 428 14026 4521 8012 14994 14892 
1405 12492 4082 14229 1761 8281 4077 14874 4308 521 6147 
1490 10452 10236 11636 5299 1474 6926 5680 2801 1180 7417 
15307 8331 10550 5719 13022 5809 5748 7217 1768 2207 15403 
5546 1266 5616 10858 7546 12204 6781 6135 4765 14832 10272 
2160 2975 9287 2244 5656 5954 6215 11535 8970 373 13179 
7323 11010 10208 3857 2668 10209 8174 877 725 11754 5700 
3939 10066 436 11539 3821 745 1333 9342 8724 1300 15443 
6789 4069 2041 12501 3299 7764 8316 13813 5651 8897 15446 
6019 12203 8979 5577 1803 2604 1772 11632 10353 863 9408 
1810 10219 11977 247 10389 8940 9843 1393 13978 10825 11667 
13789 2682 14356 7271 3819 11867 3809 10782 12191 8773 14829 
138 1151 14010 9488 11622 1248 2452 13007 1622 14138 11918 
14876 2642 13760 5176 5600 6637 15252 594 10470 3624 43 
9631 12820 2194 14812 1700 1417 11634 13925 8153 3665 14145 
15291 5344 10807 3262 1411 1485 12258 14528 8304 10151 5805 
7323 2194 3334 3825 765 7529 4481 7779 400 8212 9781 
3111 14825 4026 14178 11796 10372 10029 1302 9608 7790 6733 
14394 9245 10067 7457 5946 9453 131 10482 1500 13557 3468 
13422 9155 2992 3449 14771 5216 10153 10263 13370 10587 9685 
1680 14613 7690 5990 12143 2490 15287 13519 1273 1886 144 
11372 1461 10559 7225 14763 14859 13120 1204 3114 2337 3377 
14556 1386 616 4204 13552 1778 12027 11074 14163 6917 12165 
6758 7046 15237 94 1334 2439 2385 4323 3963 4820 1379 
14738 8840 3478 994 2051 15110 11257 13335 11679 3409 66 
1860 11205 4961 3865 12096 2241 7900 12938 11747 7682 10220 
6535 9191 14043 14219 3903 185 11462 1901 3646 9850 11625 
8830 12297 293 7460 1230 3062 5808 14527 678 10832 14963 
7869 5391 7387 8847 6406 13539 13513 6901 8603 15335 12056 
10983 4872 11878 11965 3071 2406 7191 5382 1950 12281 7186 
2941 14266 9954 5295 13540 10643 14000 8540 12627 6668 2847 
7323 2194 11707 2128 13356 9244 4011 6182 13695 12014 3434 
13389 11693 12892 6201 10122 11563 9844 3950 12842 2016 14101 
2709 11244 4364 3086 14221 12139 15304 1387 5374 6108 3527 
10644 10336 4409 11618 6414 12002 3294 13879 3426 2049 5464 
5869 6264 1126 418 11270 12890 1251 2577 15374 14841 520 
7323 2194 3334 2485 13314 1349 1135 12771 12088 14524 6068 
11297 1687 1585 6451 13933 86 9220 10920 12023 10806 992 
12192 5977 9377 3498 15152 10319 12623 14291 6166 11079 14038 
13193 8104 6304 541 13479 759 3284 6892 5826 1157 14013 
10764 12474 4900 5228 249 6113 339 6168 7393 10421 13463 
10977 8002 13446 8859 2867 5250 13085 1529 12217 1867 14833 
14964 9611 8704 6398 2842 5257 5289 12438 6409 12582 14411 
2711 1610 13002 12420 10978 6347 10674 8089 438 3010 12682 
10405 11185 12106 3677 11019 2725 12299 7780 2050 4551 5917 
12545 9956 5847 10485 6248 12196 9159 1716 6938 10083 11276 
2622 772 7323 2194 5604 14530 13325 10849 11042 2901 2437 
11948 15139 2194 3334 2354 8486 9241 13775 4834 12062 12261 
10286 13351 7839 4114 12541 7668 11094 1912 14996 10499 1355 
7308 3067 1940 3911 7323 2194 3334 10945 3338 5783 15198 
10282 1272 12081 1023 5956 15193 15176 4661 11718 4593 6474 
4757 14917 7171 4758 13401 8066 11775 6621 9942 11430 12219 
3864 4148 7342 6089 9043 4376 13385 10902 8542 13882 11426 
2176 5453 3982 9053 14345 12757 2400 11986 7574 1107 3508 
9595 13197 14902 8549 12282 7805 7134 5945 9527 10460 1796 
6517 7874 6704 682 1317 8550 10940 6027 10053 12899 11578 
9650 14583 10946 9115 14947 14454 2508 10075 6002 15011 9313 
11760 7202 3453 8631 8585 3597 12964 15121 304 11685 2982 
1785 6345 6438 14781 9575 12229 6728 12218 6087 2366 250 
4619 8107 6891 864 14179 2242 9215 4898 12383 6480 3880 
4622 2000 12950 1451 5163 14041 7892 3872 1868 11024 4007 
4347 12071 12197 2735 2153 14463 5084 11439 6920 13495 3612 
11446 11611 6803 5663 15240 6218 4633 1572 6999 14700 14958 
11291 4998 5079 370 657 7596 12986 496 229 9140 7016 
13878 12296 15208 14068 5601 7542 6456 13336 2416 12224 6620 
3663 7323 11570 13500 3334 6144 10005 934 6563 8655 6782 
9827 2521 4778 5353 8131 2387 97 7792 13781 11449 1554 
7922 3808 2783 3461 432 8563 10682 2719 5371 11799 3871 
2460 5328 11053 11583 12390 5010 1832 4821 3005 146 12603 
5441 8775 4479 4051 9321 3087 2179 13782 15227 2911 1885 
12404 8165 10819 7592 10455 15225 3707 11261 8122 6277 14009 
8575 15336 4003 440 9130 22 15322 12424 4614 5285 7024 
15273 9987 7384 2288 6898 14687 6383 5972 2509 6361 3298 
3836 8264 4647 10437 8032 9676 5036 9315 3236 2163 3851 
10477 8417 14794 7494 2475 5698 15411 11460 922 1014 54 
8868 2587 5461 4991 5645 11521 7523 1154 6995 10072 5259 
563 484 13003 7809 15371 9682 1388 10504 12186 14910 5708 
9268 5772 4982 11435 10798 11420 10393 14628 2855 3894 11229 
8371 2656 8722 3234 6872 13910 6552 5701 5866 3353 2963 
12532 14535 2585 5880 3154 6416 10894 9879 6052 8300 13392 
4188 12123 5516 6191 828 4468 4417 5843 2567 4476 523 
10495 3069 4170 11054 13541 3485 7069 2772 8857 10672 5237 
6833 4145 4916 7625 6181 7310 3201 14680 5156 7851 5753 
13825 7658 12649 5713 4123 2186 3941 14050 11734 7056 7758 
7617 10463 14464 3725 210 5980 1821 6145 12721 2286 113 
13093 1185 12265 2258 2699 7110 1167 7029 9006 10366 3035 
8566 9921 11927 11341 14925 8202 3002 12174 12003 2146 14657 
2680 7651 2759 5407 6744 14483 9457 2780 7735 1407 1075 
13666 3011 9276 3440 7224 11320 15254 4492 8080 10624 1846 
7754 1159 4889 2021 9442 7267 9108 13959 11404 2999 11314 
2211 1192 8774 544 9858 1132 12037 11771 6018 5859 11565 
11993 15114 3833 4456 11022 3258 10852 12601 9666 56 10938 
14513 1233 7923 5375 12016 13956 5177 15172 3907 12606 9915 
10843 14594 4470 8999 10185 5697 1455 12100 3049 6395 8545 
73 10927 1872 1513 15022 14109 9443 7860 14387 3842 6836 
4509 14095 12446 11219 9142 14520 7443 12812 12887 6790 5710 
983 10663 1361 6326 1812 9039 317 3300 6048 15205 6449 
10775 12843 4304 10176 14633 9023 1372 6615 9152 8643 71 
5593 824 12135 9147 10001 12321 2570 7245 10844 1787 7072 
8120 2565 13435 7052 531 825 2610 7462 1463 14194 8021 
3663 4034 7293 2194 3334 13325 14516 4790 12371 2919 3151 
