0 9468 6848 10285 2017 2626 7452 3200 2752 10888 6472 7326 7496 
1 3822 6413 7616 3200 6497 3068 4305 10621 10880 8344 3390 3927 
2 7950 2350 3737 6396 10092 8017 2427 1941 2480 2851 7689 5706 
3 1965 8211 5456 9592 2114 5189 10359 10834 6877 6658 3593 2464 
4 3591 5565 10002 6494 10431 6440 10368 6818 3343 2360 2618 5902 
5 2752 6289 2680 6802 7294 4399 5385 9740 4688 3359 3766 5715 
6 8835 5909 4757 2583 10470 7890 6252 2877 8028 5796 10927 2507 
7 9311 4454 2300 7630 8722 1801 5284 7400 3085 2577 7572 3637 
8 4935 5145 5590 8419 2071 5345 10584 7900 6163 3964 4221 10330 
9 5280 3954 8946 5986 1661 3131 7191 6712 9858 7907 9555 4129 
10 6848 6606 10285 6478 4246 9121 10444 5662 4728 5567 5208 4303 
11 5471 6026 6742 8252 5607 4630 2969 1837 6821 7705 3380 2421 
12 6808 4691 2185 2752 6064 1564 3781 3861 4725 9721 3769 8985 
13 7611 8065 7640 9821 10551 9712 3279 4288 9735 2654 2962 6983 
14 7181 10713 5734 8510 2871 7676 9777 7850 3047 2516 5016 7263 
15 6472 9999 2516 3508 4565 7474 6696 6092 4739 4487 9671 10442 
16 4097 7279 4096 6208 7137 10907 1999 8548 8368 1605 6207 9264 
17 9874 9534 1747 1479 5865 8110 10659 2535 8144 10030 9527 4509 
18 8839 2686 5265 6986 1548 9541 7412 3431 10746 10776 8930 9438 
19 3657 7818 5151 9096 9599 4320 4647 5558 8506 1536 4416 3827 
20 8913 7812 10325 4908 4846 9617 6156 8026 9874 4629 7825 8254 
21 4734 7649 4327 6877 8193 10368 4725 9445 10878 6085 7902 6161 
22 7141 5074 6182 3189 9866 5646 6254 2246 7730 7322 2199 7364 
23 8442 10693 2260 1769 3946 8451 9082 7824 8943 7999 5062 3295 
24 6385 7067 6559 2187 7324 1743 10967 5146 7110 10507 6903 3162 
25 10619 6178 6189 9357 5696 9058 4565 4314 9443 5930 5401 8368 
26 1926 7254 3575 8813 9889 2094 10966 2893 8606 3292 7631 7277 
27 1785 2615 10755 2475 1518 10079 4361 7008 7147 10201 2298 2604 
28 6601 10259 9897 3506 7272 2110 8264 6615 6274 3581 5251 2666 
29 6696 8357 10666 8684 8804 4779 4797 9145 3438 7553 6299 5614 
30 7587 4582 7122 4919 10217 4232 8453 6253 4740 6044 7105 1624 
31 3965 5298 8908 6230 8880 8233 1603 7693 8920 10691 10012 2059 
32 7324 9522 3541 10200 9817 8603 10083 3863 5666 6326 6692 1831 
33 6552 5344 5716 5519 2158 6839 1561 4968 5114 8071 9124 2355 
34 3655 8672 7354 2920 8294 6623 6766 4097 6921 5455 1516 10119 
35 3537 8622 5632 4729 10094 10645 3004 4808 4712 2065 3593 10996 
36 3615 3386 4023 2953 9780 7472 10824 10878 8870 4495 5805 1616 
37 4132 4443 9284 1918 3508 7561 9450 6687 9775 10868 8361 4822 
38 8679 6682 5182 9752 5845 1825 6410 5757 7582 4849 4077 4586 
39 1935 3309 9230 9524 2957 2889 10626 4956 5834 4051 8946 6228 
40 8150 4925 6840 5416 9070 5827 10541 7763 4957 6683 7551 4010 
41 1705 10026 10017 8574 6556 9371 5682 2749 9510 5017 3784 9001 
42 6898 4855 9011 7563 3462 2383 5046 2025 3642 2225 3498 4773 
43 3594 2516 3277 6848 8470 10285 2017 2626 4062 5453 8209 4039 
44 6791 3567 9643 6633 10948 7873 9425 8573 10498 5819 4548 3052 
45 3477 3931 10991 7849 4716 9712 3541 3421 9001 7654 10016 2416 
46 7354 2920 9308 1825 2356 2203 4239 1452 3966 3611 3614 9625 
47 3861 6842 7578 5844 5425 2882 10985 8445 2869 9170 3195 2454 
48 6468 4659 2799 10728 7845 9132 10006 2625 4600 5997 5106 3326 
49 4132 4443 7378 7354 2920 3819 6403 5399 1825 1659 8472 10226 
50 4141 5143 8408 6609 5595 10133 8151 2817 5190 6923 9385 10774 
51 6411 6125 6718 11031 6430 4084 3991 1816 5219 2642 10260 3587 
52 4407 5189 10400 6472 3020 2154 7999 5311 5673 5127 6884 3696 
53 7811 5595 5993 2964 3231 6818 7365 5014 4978 2663 5965 8857 
54 8221 3088 9077 10246 2176 8202 8102 8899 3199 1816 5250 7585 
55 5189 8331 5090 9455 7471 7552 4957 7265 7321 5466 10516 6045 
56 4487 7474 8382 3173 3508 4173 8430 1598 3183 3927 9882 10957 
57 7876 5483 2826 7559 2316 6805 11057 3754 4154 2203 8867 3226 
58 8931 8459 8911 6297 3786 2644 3106 7250 3900 3080 7143 4595 
59 2449 7253 7698 10586 2291 10884 2137 10780 3939 3840 4193 8884 
60 8975 6292 6901 4968 1591 3242 2589 6251 4376 5976 10175 3103 
61 8210 7665 7079 1575 8284 9528 1901 3308 9441 6100 7311 6319 
62 4812 7705 7809 9149 10645 7289 4594 6396 9122 9124 9929 3906 
63 7649 7133 6606 4757 3824 9423 3884 10470 8857 7686 5595 4455 
64 7729 5252 8815 4976 8985 6925 7543 5024 9305 1715 4152 3188 
65 3594 3430 7598 5379 7165 5410 2417 7981 9088 10272 8030 5707 
66 6449 5354 6888 2492 2517 4757 3597 6938 4384 10968 3019 10166 
67 6696 10424 3668 4382 3344 9229 7395 3535 6174 7236 4139 2369 
68 8858 5441 3990 8314 8220 6252 7427 6667 4214 6155 8454 7207 
69 10250 5345 7999 5138 6080 6824 1935 2360 2618 4271 10706 8884 
70 3446 7664 10346 6160 4600 7954 7301 3223 10214 9598 2831 4100 
71 6999 8303 2564 9525 10577 4544 11034 10380 10358 2060 9767 6377 
72 9879 2955 8569 7646 1880 2372 8389 10186 5170 9285 3883 3632 
73 5114 3136 7613 2717 10947 8138 7902 9891 6588 9257 5130 7438 
74 1734 9149 9037 1605 3949 7936 5333 8988 7376 6318 9247 8089 
75 5562 11099 4515 4743 3019 2187 10455 6193 3840 5577 9741 4597 
76 7900 6609 4939 5447 9700 6933 2203 1508 3968 2356 9752 6232 
77 4632 10423 2015 3728 4749 5731 6053 8132 5331 10960 2278 4751 
78 6696 4486 10312 10954 9037 5099 3857 9149 4039 2745 3293 4111 
79 8350 5734 10107 2845 6061 3371 10479 7096 1584 2748 8268 1659 
80 7564 8829 6885 2007 10988 6663 1598 5179 5117 3324 2111 7990 
81 10398 3378 3514 1604 8663 6474 6843 8994 7251 7591 6162 10122 
82 9234 3430 7426 7006 4875 2103 8674 2066 9001 2960 5255 10373 
83 2516 9764 5957 10479 10075 3139 1583 6233 9248 3091 9269 8325 
84 6446 2431 9972 4734 2745 6910 3816 9566 9913 5114 9423 4376 
85 1964 1612 6639 2101 4119 3171 6180 8437 10738 9573 3683 1473 
86 3447 8110 10375 4577 8104 1927 4434 5734 10953 8696 8209 7922 
87 8519 7093 8877 9177 7070 5618 3450 4659 2267 9599 10689 3618 
88 6744 8512 1494 4836 8780 6017 5172 5763 10257 6727 6110 2453 
89 6848 10285 2017 2626 3115 5520 8647 10546 7437 2106 9449 3674 
90 5637 8819 2173 2673 10710 5476 3643 4612 3848 8178 6896 9941 
91 4380 10184 4382 2749 6877 8368 2647 3344 10093 7543 5221 9992 
92 10862 4729 2827 10645 8648 4775 1614 7783 4882 5797 11060 2841 
93 8052 2980 7424 6109 5903 7192 5777 10540 8392 1632 2705 9396 
94 8988 6879 6923 2921 4859 10678 6927 3949 2062 3161 10638 5345 
95 2360 3664 10479 6459 4951 6659 7792 4140 4425 5345 9783 3364 
96 8481 8067 8164 5628 9902 6795 2595 8566 9685 2423 3976 6643 
97 9957 9255 7269 9776 2024 7673 9877 2313 8685 8400 8620 4109 
98 2955 6621 9100 10534 7203 8771 5083 7611 8687 4479 10368 5784 
99 2921 9443 6578 4577 7417 9037 11025 3343 6151 1551 1600 9534 
100 4371 5205 4192 7710 9829 2919 5225 10225 5843 5978 5349 5954 
101 3136 4961 10750 1469 6134 9980 2221 4288 8314 5271 3182 2507 
102 1452 9058 8918 7197 7622 2794 3578 8898 8553 5939 6060 1650 
103 4350 7953 4503 5845 5776 8514 7111 7163 4885 9514 9882 2389 
104 4584 2805 10177 4839 10175 10252 8631 10772 4853 7864 7676 5077 
105 9575 4371 2517 10530 3300 3265 5696 9931 5497 7798 6356 2496 
106 8997 3271 2312 1736 3512 6761 8697 2505 5327 9338 8749 1488 
107 8425 5842 2485 7851 3741 10841 9445 5422 5114 7715 8802 9710 
108 6257 7461 4409 1609 9453 1851 7906 2858 4140 6394 3173 4296 
109 9047 6414 11005 7714 8688 6894 3248 9073 5297 10466 5848 10282 
110 4657 1673 8498 10293 9056 5258 2288 4259 6814 6647 8468 10916 
111 8599 6185 6609 2351 5734 8377 5114 8484 6163 4185 6940 6629 
112 4231 10058 2009 6472 5151 9096 7354 2920 9752 5729 2814 9288 
113 9884 5229 6136 7484 9479 8000 8504 3677 3550 2056 5697 3692 
114 2302 6848 10285 9775 3492 3218 4805 2713 10470 5014 4978 1830 
115 7219 3434 10469 4994 8450 5128 6711 2516 10890 10610 6396 8454 
116 7222 8746 5802 4828 4757 3182 6608 6848 10285 2017 2626 2516 
117 7987 7050 5073 4726 10831 6681 11108 3322 4598 7511 4858 8513 
118 2569 9907 2177 2252 7057 3987 9752 7072 10767 10458 8314 2282 
119 9239 6848 10285 2017 2626 4577 8209 4309 2323 9593 8235 10628 
120 2107 4132 4443 7324 3555 10157 8567 10375 8382 8377 9566 7909 
121 10470 6848 3687 10285 2017 2626 4721 4885 5543 7231 11020 10971 
122 6354 7926 9165 8653 7050 1920 8094 4479 9169 7007 11033 6232 
123 3684 9295 6295 1693 10609 6235 4175 6086 7712 3076 8137 3557 
124 2516 2241 6789 4924 9243 3111 6080 1843 6818 8545 5661 3200 
125 9376 5323 2161 6098 5114 5151 9096 3805 10336 1530 3885 4648 
126 7754 7506 3210 8284 3696 9870 5151 9096 10336 2743 10683 3734 
127 8196 6812 1890 4413 10105 6576 5077 7180 8736 5964 5037 5865 
128 2516 2827 2416 6472 5845 9566 5428 9470 7429 6519 1534 9920 
129 3018 4845 4791 10681 9126 7227 7252 2428 7041 9588 7242 7751 
130 4794 4753 9478 10343 9620 3688 6486 1827 7661 9342 5597 5839 
131 3322 2525 6978 2605 1626 10196 9341 5702 10258 4540 10970 4222 
132 9213 11049 9310 4058 8215 1697 10980 5380 7924 3876 4083 2501 
133 5495 1482 7069 7750 10382 1855 4045 6268 6540 9298 8641 10844 
134 5423 8569 7700 2377 9466 4734 1597 3918 5459 6674 4453 3618 
135 2980 1730 9540 4376 4383 2687 4487 7014 6244 7562 2301 5359 
136 8995 9682 3746 10344 10749 7862 8673 9084 10194 5383 10935 3095 
137 7354 7706 3151 7024 4247 3327 1960 6472 3183 5277 9309 6830 
138 4283 2928 10634 3204 9639 8888 1472 5731 6790 9689 2942 5185 
139 5105 2250 2345 1816 10290 10961 4769 9450 3493 6419 1586 10511 
140 6630 6797 2192 8332 1639 7307 6778 8437 9738 7669 3662 3607 
141 1452 4300 9715 2914 4811 2885 7297 1842 10647 7319 2236 10418 
142 1874 10107 7354 2752 5767 2845 2920 1452 5841 3431 3407 7676 
143 2974 2490 5573 10138 8925 5101 4723 2599 3051 2990 7096 7520 
144 10774 9835 3180 5896 5380 7662 3234 7346 1892 2824 10557 3890 
145 9539 10930 6988 9841 8612 7268 6269 4166 3609 4159 8429 9227 
146 10178 8970 10616 10539 3888 8133 2703 2926 6185 7504 4768 7098 
147 6354 4132 5914 4443 4713 1470 7357 1900 6166 1708 3647 1543 
148 4371 10862 3968 1452 4433 10748 5650 6183 4441 4132 4443 8569 
149 5751 6789 2500 10315 10701 2537 2856 3648 6758 10074 7728 3083 
150 4384 8750 6704 3513 9611 8337 11091 2077 6788 10376 9089 9788 
151 7135 10059 5832 6461 4994 6261 8996 9030 10526 4585 9016 3595 
152 8841 7091 9886 9276 3063 6848 10285 2017 8531 2626 7945 8058 
153 10891 2027 5283 2596 9029 2099 6072 9792 10244 4900 2175 2878 
154 9739 3826 6270 2876 8587 6883 5965 4845 8791 8019 3692 3735 
155 7618 7825 2963 2466 4615 9878 6908 7219 5696 7106 6146 4315 
156 6562 6924 9598 11066 10017 10841 5301 10083 10247 3015 5887 6054 
157 6472 10226 4792 8857 3377 3820 5345 5949 10242 4572 2823 2344 
158 8522 4363 10107 2845 10692 8061 1581 7387 2188 6792 4649 10154 
159 10605 5184 2687 5692 2517 1598 4757 7725 2827 1467 10764 7973 
160 6295 1848 4973 9904 10401 4590 8701 2201 7358 2861 9339 5908 
161 5114 6396 8849 3989 6261 5734 8377 6848 10285 2017 2626 4513 
162 10730 6675 4617 9584 3525 7600 2072 1974 5871 8881 5196 10705 
163 5228 11091 9444 7415 5949 9848 10526 3859 4185 5620 8454 7961 
164 6864 1885 9324 1865 3078 8821 10255 6080 3644 10179 2754 2090 
165 4132 4443 5151 9096 5650 4479 9724 8250 4448 5690 4070 10268 
166 7814 8827 5704 6203 5946 9809 5409 8335 5826 2771 7513 6025 
167 8025 7709 6148 6609 10802 8613 10530 9443 7450 9173 1690 5759 
168 10684 10355 6298 10766 9069 4480 6383 5734 6553 7306 2837 3594 
169 5484 2177 9191 8462 9030 5566 5151 9096 10336 8882 3084 2987 
170 1862 7348 2121 8663 8577 4856 9443 4179 2572 4754 5028 4613 
171 8099 9665 9174 4469 1505 1991 3710 2600 6438 9207 6055 10443 
172 5590 6607 3136 8848 10748 5974 4167 10265 3422 2856 4489 10771 
173 1898 1727 1598 5957 9169 6308 7095 2234 3579 9481 7208 9701 
174 2271 6649 3484 1753 6887 10015 1803 10226 6616 10068 3269 9791 
175 4082 6144 3541 2050 10175 9761 7613 10604 1877 10005 4560 8884 
176 2544 1927 3504 6195 8380 2350 6413 8900 6258 5154 2086 4417 
177 10267 8932 6362 9280 3052 5547 8420 6113 6051 10348 10228 10614 
178 7985 1598 9329 2673 2713 4734 4757 5354 6396 10226 5426 3628 
179 2329 10866 4382 10979 6711 4115 6077 5542 6621 6226 4764 11059 
180 8561 10882 6956 7172 7514 8797 3020 10653 5824 6041 9954 2146 
181 5696 6549 2249 8143 4239 6185 8346 5210 4663 8691 4365 3337 
182 6468 2209 8626 10889 6358 10535 9463 8598 10245 9966 4356 10773 
183 7977 8966 5678 6175 9575 6337 8387 2157 2299 10551 6010 9968 
184 9670 9169 4719 4162 10793 5115 8789 2787 10698 5987 5272 6217 
185 8988 3293 7997 8603 2661 2832 2792 5345 4015 10680 10326 9354 
186 4899 6610 5207 6745 9420 6154 8566 3620 3000 8228 2140 8830 
187 8777 6028 6924 7232 5734 5696 8532 7475 8602 10950 10893 7398 
188 3594 4344 6848 5987 10285 2017 8478 2626 5147 2827 4481 5424 
189 6354 6341 9908 7999 6675 2505 5189 10287 2225 5649 2702 7823 
190 4132 4443 9485 9575 8229 2673 1453 5012 3926 2827 7107 5404 
191 8757 10921 1895 9669 9124 8896 7764 8305 9212 8747 10146 7858 
192 3257 9169 2045 10723 3302 3443 7843 9173 6941 5988 2466 6435 
193 10438 5188 7671 9516 8190 4122 6396 8709 6998 3056 10288 8204 
194 2436 3783 7795 6413 5436 8608 5791 5448 3440 8919 9001 1535 
195 7011 9536 9470 4172 8667 3800 7911 8314 4565 8603 1487 6748 
196 2906 5899 3448 8334 1881 8078 4913 7702 7046 1796 3545 11018 
197 9995 3220 9366 8619 7396 2994 11095 5609 7993 8640 2645 5804 
198 3162 3063 2944 7994 8165 3397 7960 1580 8391 8460 9911 9409 
199 4290 8972 10372 7461 4389 8278 6940 10854 2409 5009 5401 4688 
200 6848 10285 2017 2626 3964 10475 8525 1563 6199 2005 7219 6073 
201 10198 7324 3086 9412 9372 6833 2256 6298 5721 6659 8307 3148 
202 2097 6220 6861 9296 10571 4470 10115 4043 7603 10346 4487 5648 
203 6589 8751 9149 2827 9037 10543 8371 6660 9292 10495 8660 7609 
204 2020 2477 10489 4330 3792 2707 10519 3785 3748 9723 5770 1667 
205 3166 2821 4176 3863 8338 9198 2841 11099 9058 5743 9002 1523 
206 4607 2029 2792 1710 3602 7081 2123 3077 3534 1827 3936 8689 
207 3590 5894 10225 9000 2545 6209 3958 4344 4581 3365 1572 10662 
208 9017 5948 2919 1493 1489 7283 3368 1825 5881 2673 5200 5593 
209 6637 7561 2084 2177 4691 9677 10612 4690 5544 7860 6747 10551 
210 4917 7512 5795 2210 9303 6081 1610 4566 8489 8063 7402 10346 
211 5967 4315 1692 8377 6581 6399 1734 1684 7085 7870 3917 3455 
212 1894 4450 2523 5758 8079 7785 2998 8863 7765 4226 8409 5086 
213 7185 8142 6848 10285 2017 10108 2626 9610 4720 4757 7181 3199 
214 8232 10688 4504 10107 2845 4716 5790 7138 7617 9885 11040 4345 
215 7119 6480 9519 2167 8808 3856 2115 11015 2259 5153 5510 3097 
216 7632 10311 8940 11045 7189 8803 6381 6121 2359 4715 9723 6273 
217 10641 2910 10898 5293 5244 4742 3570 8756 7435 3045 6095 11069 
218 8494 4792 5151 9096 9599 1528 10226 3431 6981 10721 2218 7794 
219 11075 10001 9914 10623 9967 4057 3155 6693 5133 2121 8441 3933 
220 6210 7908 1772 6661 3426 6405 8503 4625 3654 2964 4129 6793 
221 7555 4954 9700 9485 10835 5778 4670 2519 1461 5415 7972 5907 
222 3867 5741 5482 9273 8085 5189 2723 1773 7073 1766 5718 2534 
223 1626 5035 1927 3217 9991 9343 7334 3834 10080 9033 2283 8178 
224 3892 9124 5138 6226 7676 8475 6062 9392 5887 4328 10856 10318 
225 9453 1851 8145 3281 9073 1927 1994 4565 4273 4967 1649 6271 
226 5751 2569 5147 8952 8256 10995 7176 5289 4839 2328 9161 4750 
227 9757 9962 10774 3538 10863 2731 3554 3725 10406 9672 2601 6844 
228 6835 10136 6351 9191 4757 6857 2015 3969 3509 8595 5211 10977 
229 4960 6719 1852 6369 6491 11094 1810 6876 10682 9858 5291 7096 
230 6227 4905 4108 2466 2760 9962 6207 4527 3762 2264 8025 2100 
231 4479 9124 4999 6616 3762 6275 5659 6176 1681 5151 9096 10336 
232 7564 6436 1825 5114 3162 8150 3560 7908 5397 11037 6231 3398 
233 3641 7443 3160 4665 6662 5358 3283 2148 4032 2177 6564 3536 
234 3450 10203 1897 8310 5835 6158 9942 5470 5518 9144 7324 6212 
235 4132 4443 2563 1919 1541 3773 5734 6848 10285 2017 2626 2673 
236 6402 7402 10811 8469 4397 9798 10984 7978 1996 10397 6746 7692 
237 4054 3125 5114 8347 9635 4998 4875 6399 10526 3835 10965 5235 
238 3863 1925 5751 2752 6413 2575 8517 7217 3363 4509 3266 9076 
239 2129 6547 6710 1548 8193 7198 5098 4733 8774 7034 2673 6602 
240 2177 8588 5151 6507 9096 7378 7802 6675 6029 10336 9860 7324 
241 2157 6291 6966 5124 9277 5559 6205 2517 9586 8319 5887 8172 
242 2688 3403 8028 6796 9839 10206 2686 8855 7624 10526 11107 6396 
243 6848 10285 2017 2626 7711 6346 9484 10621 2469 8381 1452 9566 
244 3704 9093 1558 2669 2983 3670 7492 4119 3171 6762 2740 2339 
245 1921 2220 6340 1923 3960 10684 2685 3704 10339 6768 8077 7920 
246 2466 5595 9511 9201 10847 10234 10801 4479 6366 4293 5961 10784 
247 3200 5114 8193 7060 6971 2233 3701 6280 6204 9714 6421 8417 
248 6743 2638 6052 7807 3800 5443 3264 7416 5212 5863 2272 2580 
249 6599 6476 5734 4036 7681 8623 4828 7890 10621 9516 5841 6844 
250 6848 10285 2017 2626 3478 3054 3070 7468 6361 10171 2702 2921 
251 1727 5696 9740 8133 4202 5151 9096 9635 2309 10820 4032 10227 
252 7047 2884 7461 2827 1827 5849 5114 8648 4210 5902 4192 3300 
253 5623 2265 1927 5381 5741 7487 4743 3525 5878 9659 7641 10405 
254 3325 6456 3658 8392 5765 7322 4376 2387 3910 1670 9031 8297 
255 7727 9453 1851 4219 9967 5272 8277 6661 2713 8969 5148 5375 
256 4694 6567 6848 10285 2017 2626 2501 10813 8474 10486 2976 8081 
257 4132 4443 2389 4089 8380 5734 8746 6821 9284 5392 7081 8446 
258 2254 6609 9348 11005 5118 5138 6660 3004 4604 10050 4850 9572 
259 3878 9973 9261 9147 2907 4376 8376 7379 4420 6419 5859 5862 
260 4820 10819 6975 6676 8926 10475 5953 8884 5681 1794 7734 7267 
261 5734 3183 9608 9712 6924 6342 7461 6590 4126 6323 6700 2952 
262 3036 5722 8905 7218 3067 3213 2871 3618 5767 2524 10091 9194 
263 6468 5203 2692 10611 4660 9417 8732 10622 5407 4883 4564 3051 
264 7200 6061 5603 3431 7999 5114 6191 10251 9323 8340 11109 6918 
265 10107 2845 8201 4060 3928 9492 4733 9587 9169 10562 8779 10248 
266 4404 7159 6923 4859 6542 3622 1696 6855 2366 7952 3369 1818 
267 8314 1740 9962 4479 4999 3538 10534 9672 9079 7498 4072 4254 
268 6115 9293 4161 9548 5864 3838 7076 8115 7496 4434 5579 8584 
269 10810 10493 7939 4465 4909 3079 7316 9908 5391 6588 1726 2001 
270 4615 5151 9096 5114 10336 9222 5360 2981 3178 6929 4047 2855 
271 3446 7219 6468 7861 7018 5644 6462 9895 3114 5309 5437 7602 
272 2563 9800 2769 10713 8546 10910 3591 3529 9699 3058 9074 4173 
273 10645 4763 10687 7656 7023 10542 6286 7664 5144 9065 5794 4246 
274 5581 9200 5308 4577 4997 1927 3639 4496 7446 3163 8637 2516 
275 1980 1972 10391 3049 6798 8644 8742 8521 5159 3081 5874 7604 
276 8988 4832 8482 9240 4734 10878 9568 1734 3298 2239 5813 9430 
277 5399 5782 4577 8394 7118 3287 5446 5263 9252 2623 5189 7115 
278 3763 9667 6504 7531 7390 4285 7492 3566 8748 8655 10535 8541 
279 10512 4494 1921 6527 9295 8325 9952 3044 8416 6883 7108 3721 
280 6848 10285 2017 10239 4129 5345 3655 4828 8446 8380 7796 6877 
281 5709 5501 7173 2793 8659 9789 6139 8012 4418 6324 4827 10128 
282 2516 2069 8693 7554 10853 2174 5151 9096 10590 6982 8726 9481 
283 2445 7324 8823 6562 5210 3281 10008 6848 10285 2017 2626 7842 
284 7354 2920 3200 7331 5734 9610 3272 3738 6933 7416 5332 9851 
285 5206 2850 10730 5761 6848 10285 2017 2626 5650 10604 3631 8861 
286 4703 10313 6160 8626 10889 10535 4600 8413 6415 6938 5122 7647 
287 4468 9770 2243 2178 5726 5730 3551 9067 5816 4131 10502 7962 
288 8668 8473 8926 2521 6498 5154 10914 4520 2768 8209 4593 3180 
289 2559 3063 1976 6061 9099 7836 10552 7370 6528 8213 6215 2673 
290 6821 9967 2219 3232 7715 8132 8988 2360 8956 8368 9793 2618 
291 6848 10285 2017 10108 2626 4023 2953 1927 1477 2442 6782 8792 
292 9516 5236 5850 9488 5208 10968 6590 7475 10708 9461 9058 7575 
293 6552 8096 2516 5151 9096 6848 10285 2017 2626 2599 9403 10026 
294 3483 2177 5716 8483 6298 4493 5817 5449 9448 3073 5354 2406 
295 8854 7292 3271 5658 3048 10663 7261 3389 9485 3998 2055 3970 
296 3968 6702 7175 5202 1766 4371 10550 10656 10690 10559 7488 5110 
297 7649 1751 9183 6754 8901 4677 3574 7061 10795 4984 5787 5342 
298 10347 1468 4196 3892 2558 3054 8712 9994 3462 7856 3079 6399 
299 3431 4768 5385 8847 3173 6501 6490 8623 2119 6897 10301 4511 
300 8746 7378 6821 5726 8492 8857 5189 10900 9141 7239 1882 6708 
301 6556 9164 7645 4164 5417 6241 5451 10150 8633 10366 3843 10058 
302 7378 1652 11086 7481 4580 2064 10321 8547 7028 9179 8799 3154 
303 5068 1978 6355 11103 3239 9290 3798 3513 4615 6419 3438 7831 
304 4600 2691 1502 3112 9105 2859 10274 6179 6586 9177 2251 4240 
305 5984 1615 5794 2605 1552 5565 3885 2022 2687 2758 2599 6665 
306 6787 4112 5151 9096 7611 7239 7011 3133 9256 9423 10762 1557 
307 10212 6132 2529 10741 6848 10285 2017 2626 4224 5278 6829 6176 
308 1475 3864 5256 1676 3190 8835 5909 2713 7745 5237 3356 4968 
309 5261 7725 2248 9775 9458 1657 9381 10832 3350 8889 7202 7912 
310 2805 4250 9496 9967 4348 7700 10727 9859 4911 4034 6595 4227 
311 7652 4936 10588 2281 4801 9249 7837 7318 9124 3310 1988 3005 
312 4141 3841 9578 10157 1481 6185 4565 5565 10958 3871 7831 3358 
313 8100 1454 1517 10145 7354 2920 6659 6662 6188 8182 2863 4253 
314 4156 2966 10565 9310 4730 9865 3682 2713 1688 4068 5286 7096 
315 6534 7418 9996 1537 9300 5066 6226 6621 3691 11005 5736 3689 
316 5151 9096 9465 10336 3919 5734 9106 3052 9437 3807 5392 9714 
317 4619 6586 4964 5087 8986 7157 4107 9652 2391 7774 2093 3750 
318 11059 4907 11050 7523 6171 9580 10509 3802 10949 10503 3273 3235 
319 3483 8835 6813 4568 2649 8677 3540 3330 1959 4657 8166 3711 
320 3551 9943 5053 7096 9048 7843 8223 7354 2920 10630 7372 6319 
321 2627 9464 10908 6074 5345 4402 2158 5999 7743 7736 2590 3861 
322 5775 10603 3765 1985 6439 8002 4884 9159 1456 5624 6765 5085 
323 3700 9743 3138 7843 3791 4336 5072 4430 10076 6048 4388 2907 
324 3918 7588 7220 8626 10889 5541 1502 3112 11098 7845 1646 9556 
325 8580 5704 10561 9292 3123 3166 7354 2920 1586 8206 2673 9169 
326 10992 2141 2517 4079 1767 6756 3019 4803 7087 1782 5422 4536 
327 4064 4108 9755 7114 7897 3320 3834 6910 3462 7921 2758 7742 
328 6339 7084 2891 3501 5873 1494 5742 9140 2991 6010 2202 8554 
329 2682 2755 3282 7518 8093 1994 2040 10305 5632 6106 3431 3022 
330 1874 2983 2734 3931 4526 7018 7129 6899 5610 7754 5923 9497 
331 9485 1457 5585 10082 10545 9627 3259 9934 4047 7948 2926 2634 
332 9117 8039 7102 4358 2209 8134 1683 2506 2432 5486 5677 4463 
333 4132 2592 6552 4451 6396 10364 1529 5177 7096 2147 7474 6484 
334 10543 6219 7649 6482 5317 8128 4928 6775 6590 6930 2656 9521 
335 6659 8413 4088 1806 9199 7073 6436 6886 10058 1838 2506 10224 
336 6848 10285 2017 2626 10893 8325 6583 6413 5696 2516 2075 10298 
337 4296 6594 11012 3121 6076 9083 10303 5845 2373 8512 8027 2302 
338 6848 10285 7354 2017 8744 6388 2626 2920 1452 5147 6013 6005 
339 9294 9121 5789 3732 4578 9183 6839 5822 5388 2833 3316 9830 
340 6968 2173 8945 10760 1869 5795 6848 10285 2017 2626 9257 9423 
341 4195 4321 6668 10029 2098 6452 10116 7809 5559 8461 4616 10067 
342 8500 1912 11028 8113 6393 4386 5828 3362 2221 7274 5033 4876 
343 5185 2900 10858 2835 9026 9618 5683 6469 4487 9948 1915 2709 
344 7362 10679 6293 4620 10833 3036 4381 7967 1970 1566 2779 3948 
345 5734 6848 10285 7354 2017 2626 2920 1477 3272 3508 6029 2170 
346 6915 3485 4129 5565 3648 10518 10193 3957 3051 1641 4371 10932 
347 5316 2097 1820 5399 3153 6706 5594 3631 5223 8638 3893 5681 
348 9810 6555 10430 4970 8980 9124 8372 3087 9993 4638 4032 1874 
349 4471 1471 5565 4524 3968 5319 4377 6737 4148 1494 7105 7323 
350 5352 5194 7838 9759 10421 2089 6612 8883 3426 5756 3083 3888 
351 4388 1657 8247 9784 10060 6662 4691 6614 4525 8488 9642 2230 
352 8835 7707 6419 9309 7476 4210 8601 5783 2697 10273 3360 6868 
353 2150 6633 6575 8935 2630 6363 5747 1660 5886 5149 2609 7775 
354 3801 2964 4261 7019 8835 6098 1464 6509 8196 2221 3347 6240 
355 9322 9667 3484 4552 3963 4900 6726 6087 3003 6435 2512 3828 
356 6479 7092 5555 6940 7816 4405 9983 7779 10368 10645 8312 5401 
357 6955 4388 1834 10297 9077 1950 10175 6457 3539 2927 9850 7741 
358 4262 6539 6089 4602 6192 10680 8453 7461 2150 7263 7592 6289 
359 5734 9719 10651 1743 9163 5114 5135 3499 5151 9096 2516 10411 
360 9250 6562 1797 3053 4968 6398 9019 9891 6173 9589 6258 7210 
361 3476 2208 7790 3436 6716 9444 10114 9894 4376 1703 1993 8292 
362 4108 10415 4378 4792 5335 2995 10208 9030 9930 6550 2679 1799 
363 5554 6609 7337 10621 8368 10505 3343 2638 3366 2698 6003 6124 
364 8380 2870 2085 5010 2551 3008 8715 3524 3154 2228 6461 3358 
365 9356 5938 4136 8368 4917 8868 9551 10057 3999 6989 3612 3438 
366 3234 2644 5852 10307 5096 1599 4317 8610 4462 5241 7722 9554 
367 9453 2850 6606 1825 6796 4691 7597 9129 5615 7197 9967 4270 
368 2983 5407 10684 6724 7940 7830 8621 3364 2157 7064 5571 7516 
369 10320 8670 3993 3200 10703 5505 3260 5753 9367 10562 5882 7920 
370 5234 3063 5957 10429 6941 7183 10730 7878 10283 6463 4367 11021 
371 8203 8494 8170 2299 8587 4814 5943 9471 6552 7354 2920 2354 
372 3457 6967 5731 5565 2790 10195 2285 10771 9912 8960 3740 7963 
373 6306 3728 9163 2687 6913 10130 5917 2707 5916 5108 2811 3217 
374 9485 4441 7354 2920 1867 5569 1884 5107 2516 3152 4640 2832 
375 9846 4066 5965 9368 10445 7123 4049 8832 1675 10883 9712 6592 
376 5731 2503 1499 8560 5151 9096 10336 2618 8686 9238 9518 6753 
377 1986 10340 7163 6472 5345 1598 10544 5114 6287 4327 7615 2945 
378 11012 6469 9039 2747 3665 3761 2585 6727 2360 7815 8898 6446 
379 2907 4761 10613 11106 8864 5788 7337 4725 3319 8836 7011 7309 
380 10684 4452 3234 9121 7235 2704 8013 10872 11005 6818 5682 6063 
381 10470 9169 4141 2177 7590 5595 5704 9204 8635 7286 8965 1779 
382 7754 6472 7219 4022 3063 5151 10470 9096 10107 2845 2184 6336 
383 5386 2599 8449 10453 1969 5867 6082 9700 2982 3744 6226 9397 
384 5179 10454 9486 1681 6373 4799 5151 9096 10226 9599 3477 4040 
385 6160 8042 3520 5611 2479 8811 10522 1570 1539 10671 9422 3157 
386 8065 9329 3638 10645 5704 3463 1927 7794 4129 8587 5663 8959 
387 8217 9472 10048 7418 6661 4817 9388 4316 6271 4486 8778 1627 
388 1531 8146 2042 6740 2967 9315 8410 4385 2116 3630 4327 2493 
389 5545 5886 4436 7249 3855 9013 2270 3270 5560 5825 10412 2118 
390 5006 7197 2713 7222 3539 9783 9629 3692 4323 8873 1496 7338 
391 2943 1827 10793 10402 3077 2054 2197 2684 9133 9421 4753 5680 
392 4733 9398 2059 4828 5126 5262 1771 7546 8326 4141 6450 6810 
393 7832 4343 5535 5054 8866 11090 3438 10061 4968 9235 4057 10523 
394 8914 4635 9040 3446 9217 4185 6032 6979 2575 10364 9560 5233 
395 10143 2420 8368 7197 10499 3332 4898 7857 8227 4127 9980 5116 
396 7416 9387 5734 8366 9381 3043 8837 9284 5690 4448 8768 3377 
397 2527 5660 4278 6253 4492 4214 3760 9677 10011 8245 1573 7628 
398 4072 10841 6491 1861 5012 7626 3877 8311 8884 8758 9446 6570 
399 6611 5675 10497 2734 7129 8824 2644 3209 9570 8740 10356 3557 
400 2491 4318 3949 10802 8133 2827 6877 5887 10368 6847 10239 9423 
401 5392 2725 9873 1760 4275 9079 4060 6344 6860 6008 2830 1811 
402 5106 8784 5490 10230 9728 3598 9783 2265 4831 1779 5368 2972 
403 7809 1662 7525 2745 9163 6859 8670 4132 4443 6659 1538 3774 
404 4648 9808 3519 10276 1672 6507 4296 6993 3757 7357 2836 5041 
405 4410 8973 9578 5570 8539 6405 3516 1510 4655 10802 2273 10172 
406 1766 2517 4246 6037 4072 5782 8287 2006 1514 6302 9365 2347 
407 8710 5217 2344 7340 7810 7638 6561 6938 9769 1745 1503 9716 
408 8835 9699 8298 8314 2511 8903 10534 4291 3646 8693 1519 9747 
409 8159 2516 5751 9413 5114 6848 10285 2017 2626 6933 4438 3411 
410 4683 2209 10667 10923 9176 11100 3696 7241 6884 7339 4714 5795 
411 4600 10569 4623 1554 6861 10040 3132 7202 2298 2357 3116 6056 
412 8083 9846 5741 10752 1598 2215 1946 7944 9124 7961 4813 2875 
413 5795 3430 10309 2569 7583 10094 9309 3341 6710 5753 9320 3920 
414 5190 9925 8623 4506 8537 9544 9516 1875 10762 10990 5759 6677 
415 6711 7649 6464 7667 5561 6951 4260 2759 7086 2381 8564 10485 
416 10457 5762 9312 10594 7380 3974 6186 5767 6078 11061 4688 3461 
417 10107 2845 7888 9988 5932 9251 8580 10192 5207 3024 6603 7421 
418 1927 2777 7259 9470 10797 9957 3877 10976 2143 8785 10000 11036 
419 4494 2549 8575 7668 10964 7052 8664 3544 10162 9869 3694 6377 
420 5979 3892 9203 8088 4777 5584 3881 1828 8238 4331 2631 11092 
421 5151 9096 3425 7499 8377 8314 9195 2018 10377 10730 6185 5392 
422 6875 10582 8942 9049 11055 10589 5548 1478 4815 5337 3681 9303 
423 5945 8776 10392 9910 5114 1887 9136 2749 8601 5479 6159 2492 
424 4132 4443 6746 6147 6252 2122 8314 5596 8442 2241 7483 5345 
425 4917 6469 3025 8267 8739 6492 4696 3912 7461 3561 3701 8209 
426 8343 3551 7445 1990 3919 2466 7611 8954 10730 4962 3793 4479 
427 7651 5638 4400 4043 2029 10955 5369 4184 7083 10942 2030 1847 
428 2993 5771 6485 9696 11085 9183 7153 1805 7030 8583 3465 10842 
429 1674 2699 9681 10108 2299 5023 10529 8314 3090 7869 7543 4954 
430 7732 6949 5137 5181 4816 7010 3438 4837 2808 2887 9758 3943 
431 3278 9299 8047 6282 9717 5396 5887 7784 6841 10915 7199 10223 
432 2955 4829 8184 10764 8731 9714 5491 2748 3797 1490 1649 2647 
433 7999 9121 2026 8980 9532 2352 4001 9113 7705 8367 5977 10111 
434 10771 9949 7393 9419 5414 8155 6488 8097 9052 7749 1927 2693 
435 5218 4635 2133 6245 1540 2899 10364 10980 2570 7662 5312 2971 
436 8175 6377 8314 7760 4281 1873 5694 9566 1512 8563 7975 7688 
437 2422 5694 6999 2288 8126 4947 9432 8856 10277 2603 2326 3019 
438 6848 10285 2017 2626 7276 2979 6508 1534 1520 5629 2848 5748 
439 6696 8623 3787 1787 9872 8170 8607 6325 4428 9645 9752 10843 
440 7256 5734 9632 7047 2884 10435 6370 7542 3399 3897 1713 9837 
441 2913 7149 7402 7569 3298 8646 9337 2937 6985 9772 4281 9753 
442 9485 8744 4828 4757 6562 2129 5114 6813 2158 7354 2920 3088 
443 3200 3775 2516 8442 9485 10312 8510 10118 9468 2363 9961 2455 
444 10931 10815 4165 5252 2772 6250 10037 7970 6538 2664 8356 5589 
445 8587 2466 4273 5191 5345 6101 2360 9485 6252 1935 10607 7896 
446 4325 8518 7337 2516 4155 5528 10654 5017 2927 6892 3907 5965 
447 8588 6969 4476 4920 9991 1973 3004 3541 4646 5379 4126 6184 
448 4371 10530 6414 4366 2117 7168 5550 7410 2191 8725 10575 10914 
449 8090 4244 8454 10413 2974 7156 8141 5538 6837 5950 3613 9340 
450 1846 6877 3052 1927 7009 2618 8293 8052 2580 10789 6642 3307 
451 8702 7676 5808 9987 9746 3780 5670 6441 4845 5734 2476 2457 
452 8701 2201 2093 6657 2173 6705 8943 5439 5635 5198 11005 6124 
453 7722 8037 2660 2215 6760 10631 2028 7650 3146 2136 9242 8435 
454 6267 10216 6367 7681 2205 3495 6726 5534 4190 8375 7080 2305 
455 5795 8510 3403 4141 9004 1989 9119 10470 9754 8231 8255 2883 
456 5632 7613 5234 7418 10735 5766 4732 2690 3968 1782 10909 8825 
457 7600 8444 1614 1883 6105 7564 5134 10649 9296 8084 3811 6101 
458 6861 4487 10993 2746 8728 4650 7451 3833 3184 2079 5642 5047 
459 7354 2920 4573 3111 2165 5619 8107 8654 1784 5242 5673 5311 
460 6848 10285 2017 2626 9184 2392 9094 3518 3589 6461 10713 6784 
461 6472 11007 3067 2516 3063 7833 5323 6197 4402 2089 4757 4575 
462 6333 7731 9604 6758 9527 11088 6288 4977 2930 8535 3531 2765 
463 5754 4817 6661 6226 5640 2714 5947 7748 9209 7508 3973 5876 
464 8052 9577 6423 6904 9451 10219 1659 6836 2412 4157 7799 3370 
465 2522 4299 4981 5224 4891 3651 7524 1929 8030 6609 2892 7455 
466 3418 5330 3837 10088 7193 7248 8030 8042 1623 6934 7453 8186 
467 10470 9109 7354 2920 7066 10501 10713 9169 6227 8851 10989 7321 
468 1483 10011 9932 6691 6621 8038 10878 3925 9967 4488 9969 9815 
469 10762 7587 4271 8832 6811 8682 6680 5214 4617 6027 2574 8019 
470 8527 8590 4268 10157 9375 7466 3135 5318 9874 2466 8200 2189 
471 10622 2370 6684 2827 7343 2880 6959 2302 10684 10099 8931 5636 
472 8835 1936 5909 4700 7404 4545 7411 3027 8746 10098 7356 2189 
473 1873 2516 9655 7611 8773 3597 1589 7959 7968 3182 7927 6990 
474 6399 9284 2516 5922 10612 1476 7382 9752 4284 11005 4120 4353 
475 7613 8822 6413 2258 9498 5530 2698 4187 8199 10893 9702 8237 
476 5151 9096 4126 10848 4441 1598 1452 4895 5846 4922 5580 9224 
477 10778 7700 6548 9700 6399 2203 5612 6303 10161 9079 2320 4786 
478 4486 7325 6093 1706 5011 1914 6419 5339 5912 8302 7544 4151 
479 8745 6262 10954 10553 3396 6857 7887 10625 2776 5015 7145 10123 
480 3546 4987 1927 2320 7516 10104 4271 4891 4788 5306 1832 6584 
481 8794 3007 9051 10574 4050 9289 8884 3901 5927 9766 7614 9684 
482 10620 2387 6019 7197 7364 5077 1839 6396 6589 5351 1831 4528 
483 2588 3100 10512 9816 4188 5772 1643 11053 8611 8241 1819 6957 
484 10304 8052 4464 8382 1718 11001 3487 2778 3297 7324 7563 4734 
485 5794 5997 3169 9950 1989 10266 2427 6830 10865 5696 7159 3425 
486 6678 2970 1944 5868 9277 5079 8501 8562 3061 7979 10327 8024 
487 6848 7402 10285 2017 2626 5208 5236 3198 8267 8300 3098 3230 
488 6848 10285 2017 2626 6276 6272 2257 9450 5360 9533 8669 5381 
489 6714 7194 11013 5734 2692 4532 5209 6252 6557 9340 5800 2686 
490 8634 3006 2426 3222 5121 4821 7868 2178 9080 3984 7449 9108 
491 4458 7971 8349 9117 6617 7222 1875 5011 8239 3489 10605 5647 
492 5747 2702 6779 2261 1825 7078 7035 4302 8793 11029 10121 9232 
493 6848 10285 8705 2550 6167 5506 4800 1977 2940 5300 7238 8265 
494 10001 4476 5734 6848 10285 2017 6621 3446 7442 2482 9237 1699 
495 7219 2559 5110 2485 1982 6947 5984 1761 2844 8509 3175 8487 
496 8760 10549 9608 2779 8082 7011 4965 9146 4080 7622 9485 7611 
497 8209 6965 4508 6976 5240 6359 11016 9472 6078 11061 7100 7744 
498 6058 5500 8194 1781 6725 7303 6928 11062 5643 9440 5672 2791 
499 6848 10285 2017 1927 6187 10735 6637 10542 10107 2845 3949 1634 
500 10512 2120 5038 6969 3859 10005 10762 2520 7472 2956 3145 6437 
501 8933 2370 4092 8096 1477 8120 10781 8656 10650 4656 2516 2694 
502 7354 2920 1735 3501 2166 2108 10973 8314 10336 7488 7011 3274 
503 7125 8587 3421 5916 10676 8019 3964 6543 7987 3279 4189 10713 
504 9460 6662 5050 3366 7600 3675 8421 9219 9036 2388 7174 3978 
505 1927 2700 5879 7589 6848 10285 2017 2626 5379 5301 10938 6289 
506 8174 8036 1765 9414 6644 9236 7730 10963 5723 8752 5427 1519 
507 1500 4843 2012 6125 8721 4328 7055 3923 9361 9321 6881 5833 
508 6031 6406 5282 8804 8834 5815 3425 4832 9361 2668 4924 7676 
509 5139 1766 9131 5345 10697 7461 7611 5631 8718 7049 8253 8398 
510 10762 2499 8142 8229 4339 7584 10862 5135 1827 6353 4068 8678 
511 1613 2389 2904 2977 9467 5270 9128 7109 8585 10183 6330 7108 
512 9169 9189 6485 3871 6185 8142 4934 10802 2936 2171 3908 6145 
513 5960 1538 10562 9001 5958 7047 2884 10917 3103 4435 9555 6237 
514 8094 3257 5209 5936 8173 4734 5577 5345 2517 9980 4315 5784 
515 1574 11067 4845 7845 6659 10972 9111 2785 9844 6590 9190 7739 
516 3858 4538 10360 5468 2858 3262 9161 1927 2813 6578 1515 3139 
517 3964 3414 4277 2499 6007 9970 2415 9223 2472 6537 10568 1611 
518 8133 2618 3702 9575 10878 10830 6661 4173 8471 2928 5900 7316 
519 8075 3361 3941 9384 7937 3969 3098 10027 9208 9678 10218 6433 
520 6049 1601 5963 7781 2961 6848 10285 2017 2626 5021 8572 9397 
521 6396 8314 3927 3213 9406 7848 4121 3913 8678 10999 8551 1693 
522 4322 10937 4334 7222 5559 6748 3619 3584 10790 2996 2235 6522 
523 4881 7487 9940 8737 9357 10470 8187 4296 2870 5019 9127 9030 
524 4989 3449 9962 3538 10774 4999 5706 2668 4894 7020 10852 3692 
525 1551 9423 10730 8122 6454 9357 2115 9823 9949 11084 3601 9022 
526 1825 7839 9893 5097 2193 3560 1827 7593 1902 8932 8764 6871 
527 7982 10602 7715 2268 8693 10729 5947 2366 6281 8906 2010 5109 
528 7861 3763 10302 7402 7638 2812 5509 2305 9949 7498 5869 7999 
529 1593 5186 4485 8327 3886 9716 4286 4706 9270 3130 5636 8811 
530 8796 9586 5175 5726 1585 2687 4487 3949 9448 3071 4539 2923 
531 7985 7999 4910 6848 10285 2017 11012 2626 6686 4599 8649 2748 
532 4112 6821 9674 1927 9087 2310 10096 10032 10551 6335 8841 3239 
533 6848 10285 2017 2626 2169 7627 2997 2516 8846 6350 2846 7639 
534 9705 7358 3763 9762 10792 11101 8306 8130 5180 7599 3534 9202 
535 6848 10285 2017 2626 7999 4603 8697 5512 3200 9550 3744 6057 
536 9474 9125 5699 3262 9700 2446 6094 9439 7020 4296 5125 4607 
537 6614 3692 2797 8258 4479 8880 3447 6910 3892 6354 9169 4748 
538 2819 5994 7202 8290 2371 3909 3568 7023 6950 6490 1896 9383 
539 3957 6848 10285 7354 2017 2626 2920 8716 5983 8190 7432 6685 
540 3615 11009 7337 9859 8746 2517 4757 7686 1831 4196 3462 7573 
541 3616 4686 8816 4843 3794 6304 7135 7515 5001 5252 5926 5801 
542 10762 5813 10748 2687 2002 5310 8336 9218 9064 1803 9188 3406 
543 5750 10377 10735 11005 4819 3608 4624 9465 9777 6771 9712 3139 
544 2988 5865 3173 1459 11071 6007 2608 8267 9306 5960 10205 7694 
545 2437 1562 4924 2134 6061 9740 3215 9804 1780 2516 7642 5452 
546 9972 8587 8938 9257 8309 2644 1731 10764 5430 5386 8597 7230 
547 9020 3384 9291 3600 9903 7131 6845 5025 3649 4038 10286 3401 
548 6526 7923 4782 3524 5385 2131 4371 6673 5114 6679 7170 1641 
549 3403 9118 2563 5209 3036 3851 1512 5657 10823 4613 4828 4115 
550 2752 6343 10108 3830 5668 2427 8603 5972 4493 4878 8424 4354 
551 4132 4443 8599 2686 10403 5238 9542 5313 2288 5138 3862 9912 
552 2121 4634 8630 7670 10735 3594 9984 6056 4400 7416 4575 6084 
553 8701 2201 7845 7250 6218 8916 8791 3072 9507 9253 3866 7101 
554 5802 3236 8100 9442 4845 3077 8552 4925 6839 4947 7608 9635 
555 6821 7219 3234 6751 1699 2297 6229 5138 5969 10677 4734 9891 
556 5205 6252 5232 10470 10353 5114 1919 4132 4443 11035 10846 9693 
557 9423 5731 4354 6848 10285 2017 2626 7406 10270 3612 5178 11088 
558 9054 6046 3816 9723 8493 9951 5653 6169 6334 4636 5239 6920 
559 7817 4556 5941 6360 5741 8446 9930 8052 7788 2648 4196 3979 
560 10364 5138 4950 9064 6033 6933 11037 2198 3052 7985 7947 9153 
561 8549 6848 10285 2017 2626 9566 4737 4186 6994 5886 3013 5197 
562 3054 5151 9096 6848 10285 2017 2626 5394 3247 4734 1739 9106 
563 7222 7916 5273 2607 8673 10342 6233 6171 2246 3734 9780 6004 
564 6153 4175 2983 7023 2467 9783 6332 7389 3788 4075 1795 8182 
565 5712 6703 10886 8775 2816 6367 2695 9855 10720 11087 2401 6880 
566 5725 11083 3293 5741 6024 4132 4443 9220 7999 4060 10803 3742 
567 9785 3018 6877 8368 9145 5663 4416 2749 4079 5012 2639 10027 
568 2868 2712 4599 7171 3670 4049 9326 8692 5674 7997 4020 9169 
569 8234 8961 8523 10804 1854 2124 8263 9142 8754 6226 3707 6285 
570 6222 5499 6473 10580 8365 4137 4392 2696 9805 9979 9390 1597 
571 1895 9113 4502 4106 2092 6944 7416 10840 3778 4870 7539 2561 
572 10145 10170 5651 5734 9839 3502 4565 9393 1735 3355 9169 7992 
573 4791 6848 10285 2017 2626 5410 3846 8181 2625 8136 10828 5176 
574 3446 2605 2154 9357 3187 7611 3266 11037 9819 8414 10169 7418 
575 2368 10602 7168 5226 4071 4811 3949 3188 4487 9633 4712 2286 
576 8337 10975 5897 9419 4264 10480 10318 2646 9549 3232 4449 6688 
577 7663 7197 7120 8482 4562 10763 8100 10007 3182 3143 7678 9223 
578 10699 7077 5114 2832 4522 6252 9853 2931 1825 8650 4198 2303 
579 5901 5361 8233 2757 8893 8662 6042 6587 2307 2655 8454 2287 
580 5888 5617 3551 7392 3429 3726 1917 9172 2847 7539 6366 4030 
581 5307 4607 2566 7354 2920 4099 3700 6056 9288 8157 8454 7803 
582 4657 8477 8072 6821 10263 9454 5477 7255 10512 2607 4940 7747 
583 2516 10987 10303 7096 10659 2392 4975 6252 2330 5676 9447 2295 
584 10500 5734 10232 6109 7962 8657 5324 10473 8623 6579 2180 3698 
585 5795 6776 7490 5472 10108 5957 1452 2370 2047 8159 9674 6796 
586 10924 8587 9121 2827 6252 8247 1792 7577 5836 10334 9681 6477 
587 4734 9783 8670 4986 9606 8537 10426 5427 4431 3488 7274 5236 
588 8800 2305 5916 8671 6655 5975 2538 6936 3695 5695 3323 3284 
589 4553 4205 2342 5151 9096 10336 3554 4328 3802 6807 10623 6900 
590 6429 6609 4574 6012 8921 2827 9712 7676 9407 7135 2403 5345 
591 10461 9233 3984 4746 7837 5861 10601 2400 3153 8374 10873 7071 
592 10231 3839 9583 9462 7778 8284 5586 6444 6837 3714 6621 6187 
593 10982 1452 4917 3993 2127 4019 4027 8142 5336 6298 9121 3604 
594 8804 4499 6392 4479 10774 6560 10904 4106 5818 9117 1967 2334 
595 5513 1958 4126 9176 10854 3228 10324 5031 3747 4975 6637 3182 
596 8623 8857 5965 2517 5546 8250 4691 7298 6923 3825 4173 9357 
597 2186 10290 4615 6760 3130 2145 6160 10906 5869 1502 3112 5587 
598 2076 8148 3801 10341 7402 7516 2113 3558 2955 10639 6226 3833 
599 6308 4560 7794 10673 10202 7490 6040 2238 9095 4778 6511 3713 
600 10470 2177 9041 7637 1821 6862 1506 6389 1798 6741 2384 9243 
601 6472 9376 7542 5734 3842 7047 2884 7354 6197 9831 7834 2485 
602 7413 6703 5540 6625 4727 10111 3745 2965 9390 1753 10686 8222 
603 1526 2769 6642 7809 2599 9073 5026 2618 10374 6606 10050 9419 
604 6298 8020 5075 2386 5971 8505 5473 10028 1608 7480 9512 4228 
605 3266 10567 2340 2435 7806 7354 2920 2926 3459 1460 3975 5722 
606 9010 9419 4113 8688 9129 5502 7880 6043 8217 7333 7096 8188 
607 7327 6130 3036 9127 2951 6126 9603 7354 2920 3879 10841 10261 
608 3137 4487 5345 2356 5145 8019 7078 4812 3561 7951 6204 2009 
609 9835 4832 9361 4950 2747 9742 1621 3551 6758 5380 6435 2100 
610 5379 7011 9915 5822 1951 9007 1551 8634 8171 6195 5647 7687 
611 4733 2205 5151 9096 5734 10470 10691 7587 7298 2752 7985 3615 
612 3477 4756 2178 8026 4577 8162 10887 11052 3470 5279 7094 7378 
613 1957 7607 7130 5334 4423 8033 6036 3782 4126 4891 10733 10446 
614 4522 8839 10533 1863 3995 8559 9970 9169 3034 6463 10893 4517 
615 3096 6395 1870 9444 7611 7715 5887 5625 4275 3079 10764 6495 
616 2973 8838 4379 8606 2494 3441 3234 2292 9415 10877 3860 10299 
617 2575 9601 4645 5341 9565 9197 5935 2429 8127 6809 10641 1700 
618 8294 6671 4563 7336 6605 2161 4108 6341 7994 4601 5370 5931 
619 4175 5688 5795 9644 8467 9005 8915 4366 10901 10508 2117 3194 
620 9842 1567 2969 3937 8214 6783 3311 3998 5806 1587 4902 6861 
621 7477 9623 7805 3806 10168 5693 8248 7537 3653 4871 6565 4312 
622 6404 3892 8491 5060 2089 4893 3442 8109 9777 2406 5967 8257 
623 6552 8096 5151 9096 10419 1790 8653 9222 2507 8458 3744 5846 
624 10667 9746 5314 9654 7048 2860 8934 2856 5080 10605 5173 8336 
625 6585 8328 2026 2657 4516 7866 3853 9211 8014 7725 8004 8528 
626 10250 4485 1927 10115 4376 7804 3422 10514 9426 8413 4069 5485 
627 10129 9786 3679 6185 9423 9700 5867 6621 8891 6333 5902 5017 
628 8542 3873 4427 3902 6521 3748 8747 2908 1874 6373 7366 4199 
629 5002 9785 3772 2390 6654 3280 1864 10725 8723 3206 1764 9148 
630 7047 2884 4214 5467 6555 7354 3924 2920 8314 3335 7300 2277 
631 8876 10216 6070 9792 2059 7419 7999 6887 3299 10118 9774 8412 
632 2257 9378 5447 10381 9317 5724 7980 8695 9430 3014 1842 4835 
633 1922 2921 3993 4889 8901 5991 6371 2718 9955 10215 4216 9542 
634 2850 1874 8010 2674 8623 4830 5523 4720 8019 4757 8587 4060 
635 3483 2177 6774 9845 5305 8299 10734 7309 3266 6828 2821 10547 
636 3391 1891 5549 10363 7950 6246 9896 7179 10768 2414 8095 2142 
637 7354 10303 5957 6422 3420 9874 9751 1660 4464 10735 9303 9824 
638 5006 4028 3527 2947 6586 2644 10221 10540 9924 9363 9826 1751 
639 1774 3831 3357 5614 4670 3464 10845 4006 6786 6062 5576 10300 
640 7149 5029 11012 10240 4135 6960 9975 4860 6777 4666 3158 9480 
641 4351 10893 9343 7137 9327 4702 6533 4177 6848 10285 2017 2626 
642 8100 9583 5323 7146 9720 9561 8887 6582 2049 4060 3931 5140 
643 4371 3438 8432 7596 1550 7676 4024 8481 7825 1594 4009 6573 
644 3857 4298 9444 9758 6236 8844 9414 6182 5104 5048 7026 8052 
645 2553 9777 2580 4413 5877 10759 3402 5189 7369 2763 6946 7715 
646 9092 2753 2719 10238 4693 5598 6763 6638 6952 2502 3128 2966 
647 10470 5379 4828 1590 2340 2385 7762 4656 9491 3594 5769 2353 
648 9777 6316 4310 8892 4487 3186 10108 4890 3626 10895 4863 5012 
649 8147 2745 8510 2341 5454 11005 6818 1495 8809 9557 10408 2599 
650 10769 6848 10285 2017 2752 10291 6293 5117 5399 10173 4817 1918 
651 4032 8425 2407 9402 8897 4833 4784 4292 6962 3225 6621 1748 
652 10158 9831 7456 3958 5246 2484 8195 2605 8083 4478 5003 10583 
653 2673 4417 6263 1504 9695 6050 2756 7105 3595 9863 3433 4786 
654 2654 6208 7122 4789 6631 8510 9597 10637 2471 2536 9640 6130 
655 2177 2707 6848 10285 8251 6983 5700 3869 6893 9001 5595 8734 
656 4577 1803 2516 4624 9465 4374 9321 10566 5247 7308 2605 10336 
657 2850 7151 8601 7386 7031 9161 5706 8977 3136 1731 6022 8978 
658 9472 4511 6877 9030 5640 1501 8127 2982 4875 10534 8091 3185 
659 8096 9566 7904 8455 8589 5179 8512 5837 9228 5012 3892 3931 
660 10730 10640 10704 5595 4196 5875 10902 10470 2187 6548 9613 4173 
661 10851 3200 1551 2275 5030 9827 6848 10285 2017 2626 7548 7611 
662 6821 9777 7484 8623 6284 4319 7570 4342 2321 5405 7516 2955 
663 2164 10860 10349 1675 10409 5427 7274 8818 2836 8035 3513 7910 
664 10350 7486 8693 2687 9562 3060 8305 9674 2305 1907 7196 4555 
665 3446 9590 7112 3993 11080 6836 3497 10841 2969 4795 10216 3364 
666 5859 7222 3271 4092 5527 9820 7375 9400 6170 8829 6945 8967 
667 3253 8116 10024 9333 7716 10292 6294 2949 1683 7780 8244 3814 
668 8835 4733 3291 4847 2335 10182 3533 2583 5131 9107 3417 5296 
669 4366 2117 5957 8962 5559 5038 5993 6799 1483 4880 7051 2762 
670 10691 8770 6391 2463 4307 10226 8406 7773 3603 4012 2804 8351 
671 9874 7185 6566 9917 7373 7821 8787 9347 8283 9346 3576 7271 
672 9308 1727 3503 1927 5012 8601 4974 5957 5151 9096 9353 10604 
673 2389 6848 3655 10285 2017 2626 6252 5819 10210 3207 5292 7309 
674 3200 3486 2997 7958 4429 6862 6590 6185 5488 9653 2317 4026 
675 3102 10576 2439 2163 3286 3675 3001 10383 9691 11008 2616 8269 
676 10530 3764 5300 10317 5463 6255 8193 4791 3067 5162 2750 9264 
677 7133 10164 10757 5213 3986 2302 10604 2242 7577 6648 8396 1742 
678 6302 6396 6839 4299 3408 9261 2301 3992 3925 1879 9737 7263 
679 5741 2129 4011 6593 5814 4704 10149 9881 2662 2873 3734 1547 
680 3067 6833 9922 2158 6711 9222 4692 2375 3530 9362 1532 10295 
681 2720 5542 9891 6472 8140 4691 5147 2356 4246 4327 4061 6447 
682 5676 9946 2499 3594 8578 9223 5492 1911 6780 5780 2652 6609 
683 3867 6754 4657 2644 5411 10796 6283 1485 1833 9904 6296 9268 
684 3035 6948 7828 7033 9874 1829 8463 6400 10027 5599 10319 10050 
685 4926 10160 7086 1952 7226 4406 4422 8261 2557 10695 2879 11054 
686 1452 7930 6848 10285 2017 2626 3462 7316 5944 2653 4485 2038 
687 3440 9660 1868 2721 2177 2053 7403 7354 2920 8898 2317 2686 
688 2213 1927 9169 7885 6399 10467 3667 3089 10436 6302 4327 2516 
689 5171 10841 7337 3723 10526 6418 7941 3586 8065 3166 5657 6529 
690 1569 4662 5577 6408 5793 7155 11030 7844 6413 6591 5174 8422 
691 10070 3029 9868 7229 2683 3202 4697 5795 8788 6857 6530 4502 
692 10141 7324 1809 10377 4725 2516 4129 9777 2964 2797 10621 2749 
693 2959 6710 2200 4123 7047 2884 4975 6460 2560 10129 7239 3385 
694 4175 9043 2126 8824 10964 7129 6760 7925 7358 10527 4519 3480 
695 5845 7611 7378 9962 9155 11005 2832 10083 6818 4039 7286 5663 
696 3530 8207 9297 5325 9077 7454 8047 2808 5862 5074 1814 4359 
697 3692 10878 2376 7407 6997 4993 10053 10525 10156 10384 2374 1710 
698 5306 9001 6343 5752 7105 7330 1776 9677 2004 7011 10462 6828 
699 9376 2178 7459 3486 1565 4089 3430 8377 6099 7402 5794 7324 
700 8193 3446 7817 9319 3142 8482 6672 2183 4841 2727 4982 10700 
701 1742 10762 2622 6590 2580 4269 5012 6298 8368 4214 5094 2931 
702 8069 4391 4091 6500 4366 2117 6800 7463 3955 1843 2817 9133 
703 5795 3377 9487 9302 2241 4966 5694 6396 8247 4143 9485 4440 
704 9529 4712 5182 3211 9542 2289 11099 1701 10004 10463 2041 4498 
705 1522 3286 8446 1655 6007 5383 2946 8059 6939 3823 7704 10782 
706 10087 10619 6697 6993 7428 9169 5942 2864 5168 8064 6847 2710 
707 10421 7982 9485 2907 5208 4992 6598 10812 2406 8582 7083 8529 
708 6281 8861 9777 9396 7754 7013 2071 4766 8693 10332 10058 9271 
709 4141 5453 7487 4327 2230 8484 5345 9129 9187 5623 8786 4684 
710 2243 5795 4266 6870 2318 5191 2769 9244 5189 3521 8382 7042 
711 2155 9097 1606 3486 7833 8448 9677 10564 3467 2801 10544 6298 
712 5167 8262 7103 2641 6262 7790 2077 2245 5621 2597 1765 4816 
713 8419 4300 3173 2999 8105 6231 6545 4543 10264 8499 9259 4034 
714 5734 5702 2356 3871 8603 9978 9178 10375 3278 4802 5345 8985 
715 5849 9001 4371 3300 8839 1568 6848 10285 2017 2626 3863 2198 
716 2732 7259 5987 2774 5508 9371 9566 1664 4628 2298 3046 4086 
717 4192 3136 6877 5669 5139 4212 7965 2168 9564 5663 5995 2203 
718 7726 10155 9417 8094 3377 6038 10236 6360 10997 1680 6059 7434 
719 8170 8377 3660 7203 10256 7177 2229 5397 5704 6186 2843 10488 
720 7354 2920 5650 9700 7474 3728 4486 6973 10108 11065 10145 10375 
721 8355 5706 2761 10931 3571 5734 2841 9224 8601 10185 5916 3896 
722 4141 4235 5696 1933 7611 8127 10487 10062 3767 5957 2277 4276 
723 6621 3847 8785 2726 2673 5345 8081 6748 10253 2618 9001 10368 
724 5019 9704 6048 5906 2287 3473 8247 2757 6944 5045 4558 5617 
725 2369 7163 7948 7096 6307 6221 5734 1504 9814 8707 10452 8846 
726 8096 11005 2687 10368 3377 1630 4441 3121 6185 5676 5902 7877 
727 3594 8425 10702 6851 11070 2930 5794 3403 8623 1452 9357 2827 
728 6840 10216 6848 10285 2017 2626 4924 2071 8111 6777 1777 1961 
729 7482 2396 8924 9838 5216 1731 8394 4817 8321 5230 9985 5995 
730 1927 2726 5739 9176 9071 7402 7219 2389 4806 1755 2158 7324 
731 6503 7682 5824 3145 7941 8993 1955 8345 10005 9818 5887 6772 
732 3430 8910 10982 5957 3589 6848 10285 2017 2626 6991 7270 9962 
733 4692 10763 8008 6933 7264 3079 5794 4173 3714 3793 5156 6399 
734 2302 2499 1986 4390 10242 2941 10475 3467 9683 4142 1477 9215 
735 8319 1709 7037 2517 4364 6524 9991 7228 6289 10930 2166 5395 
736 9070 9638 2081 2346 3604 8847 7275 6413 7044 3948 10465 4225 
737 9163 7613 5887 10551 1555 7558 4301 4102 5764 5138 6377 5442 
738 2177 3286 7081 6546 8871 4826 2243 9176 4053 8476 7846 7999 
739 6052 5379 8510 8947 8214 9001 3312 6407 5724 11068 4234 8385 
740 10350 6202 8083 10454 9883 1545 6863 3373 9917 6936 9393 6450 
741 2605 6352 3523 8804 2760 9962 5353 3237 8485 10047 8345 5450 
742 2651 7854 9246 3052 10858 8191 10345 2528 7299 2489 8314 10483 
743 5795 3174 3590 3476 4105 10002 3149 8240 4232 10764 4156 7101 
744 6446 8380 5734 2818 2410 10198 9063 3850 5378 10707 5984 6141 
745 10008 4296 7919 1517 4299 6029 9162 2733 2499 9060 10129 4536 
746 8426 4163 9964 10353 1605 7501 9912 3414 3168 3279 1629 7285 
747 2302 5734 6848 10285 2017 5304 2593 6002 4915 4608 4335 5372 
748 8025 8030 8383 11005 3136 5547 5007 4599 9630 2620 9423 2397 
749 8266 7498 7655 6428 3898 4479 2273 1641 6818 4129 3504 2737 
750 3199 2542 6016 8314 6969 7399 4021 10810 10147 3313 6344 3979 
751 3718 10134 4200 7416 2871 7011 9001 2344 8106 10630 6399 2340 
752 5524 4577 1477 5151 9096 7657 5845 8019 2492 6396 3271 4116 
753 9263 7945 5340 7590 6118 5854 7408 4042 7225 9515 4924 4002 
754 5563 7950 2739 4712 1514 5605 4599 3893 7223 1607 5206 9129 
755 10699 3062 2177 3950 10437 9862 5345 8382 7354 2920 10388 4565 
756 6848 10285 2017 2626 9783 11008 10450 10600 7431 7503 8447 6738 
757 2288 2097 3968 6609 2921 5078 10731 6661 5920 7808 10732 4271 
758 7354 2920 4838 7416 5257 4344 4296 4097 5715 4021 9499 1624 
759 3156 5114 4757 2158 10764 5965 4571 10827 3756 4764 3276 9673 
760 7047 2884 10035 5734 3067 8746 4757 9553 10745 4125 4049 8693 
761 8142 6848 10285 2017 2626 9610 6621 7096 4669 4725 6837 6333 
762 9831 2806 5494 3727 6652 2640 3959 4177 8530 8878 9377 7507 
763 6091 7002 2269 3378 7826 4667 1647 3119 7517 5967 6149 8390 
764 8645 9359 8869 4947 8001 7827 9029 10920 8407 1741 7754 8609 
765 7735 8011 3005 8427 6053 5838 4273 6197 6773 3541 5465 5371 
766 2844 6302 2599 6818 10938 7664 9308 2516 2863 2350 2097 7420 
767 5734 1939 9175 7096 8377 1934 5997 2722 3793 10279 4114 7529 
768 7647 6815 1596 7528 3985 5013 8134 3483 7222 4160 1589 8901 
769 4991 2782 6027 9929 7806 3930 1613 9991 2673 6213 3621 10807 
770 2389 9550 2665 4610 10736 1536 2480 2007 2748 7212 4126 6869 
771 8258 10095 5987 5120 6396 1994 2582 7691 3863 5714 10439 3346 
772 10667 9103 8817 2611 3428 6249 8158 10512 9616 1816 10903 4134 
773 3655 6821 4739 1454 9846 3241 1534 4340 2021 10713 1669 6278 
774 6265 5199 6609 10193 2681 9024 9748 10364 3474 3669 1455 7651 
775 9061 6252 4641 3798 8774 3321 10368 10977 9143 3164 5381 8746 
776 4287 2639 3551 2466 6758 2822 10049 6435 4455 5759 10802 3117 
777 3162 4486 7116 2517 5535 5389 4075 9736 3889 10428 6613 4971 
778 2596 7243 8646 8762 10278 5799 8833 7611 4133 8703 10211 9513 
779 7690 8073 2221 4460 1899 5387 4735 8719 7188 2724 10051 6513 
780 8483 2516 2154 3036 10233 5493 4931 4906 9262 1808 7037 5189 
781 3173 3385 1562 10108 5911 10602 6293 4689 8604 3379 2840 10788 
782 9679 3996 1816 3336 2157 2336 7148 8843 6059 1983 2584 7793 
783 10762 10633 10597 9667 8537 4813 6884 2627 6021 7738 10646 10894 
784 6662 2360 10111 10497 9057 9994 9389 5253 2751 4895 8462 8879 
785 8496 3074 1753 3482 2650 3416 5420 3659 10865 6099 10564 1458 
786 10762 9308 8229 9843 5234 3211 6532 9129 6847 4274 3301 3691 
787 5734 2241 11073 8511 2040 6636 10322 10652 10303 8865 10878 10668 
788 10460 3174 6098 5114 2392 9996 1658 10791 6618 2810 4394 8068 
789 8690 6863 9755 2939 4090 4523 3320 8922 4674 4708 2262 3911 
790 3747 3275 8320 3799 7797 2637 9373 2516 7485 10742 4280 3541 
791 5751 6266 5355 10309 9307 5385 3303 2865 10572 7735 2698 9490 
792 10439 10453 4613 8030 3729 2360 7181 4004 10003 11005 4297 1807 
793 6293 5535 2150 1724 11075 2702 7590 4409 10328 3876 7374 7128 
794 7043 8593 9880 7015 5400 5990 5151 9096 11086 5254 7239 3755 
795 10775 8519 6248 9781 4760 5760 6943 2255 8423 4355 4439 9716 
796 5208 3200 2673 10881 1827 5114 6206 3697 6065 8368 4128 10467 
797 3386 6609 10481 5260 5890 5676 3744 2876 10659 6661 3410 9899 
798 7649 4826 9419 1846 2749 4692 10953 6413 11005 8853 10481 6818 
799 9664 2614 5458 1560 2866 6628 3804 5275 7442 4488 7222 7762 
800 4989 3767 10055 3134 5687 2757 5481 4856 3443 5929 3809 8112 
801 2748 2162 2209 10056 4306 5726 6133 4090 6583 8025 3472 10875 
802 6156 7985 6307 2516 2954 8743 7413 2964 9169 8714 6017 3376 
803 9169 7811 7324 4005 4147 6013 2224 9453 1851 9967 3036 5676 
804 4028 3387 5733 10763 7197 4734 5237 1671 6332 8741 9374 3404 
805 3507 8623 1918 7919 4968 9549 1947 9494 2290 10125 6030 4781 
806 5357 8652 10118 6983 2763 4983 3717 6191 2466 7660 2083 4910 
807 3594 2097 9146 10555 8688 3234 4043 6333 4129 3813 4130 1767 
808 7354 10482 4828 7500 5734 1572 3956 9523 4963 4465 10762 6100 
809 9285 4807 6446 10635 3821 3525 3554 3680 6692 9765 5462 5045 
810 4451 6472 4570 9213 5430 1513 5394 8339 7204 6689 7378 9275 
811 3546 7410 1538 10629 1635 3446 5915 3583 6114 2729 6277 2151 
812 1846 4370 1451 4220 1551 6915 4371 8512 8336 8448 9397 6445 
813 9261 3527 9117 1927 4831 7762 9002 7464 6239 10379 5708 8060 
814 6734 10941 8759 4877 6088 8096 9731 7892 1651 10046 10661 2486 
815 9429 3625 9908 7391 4347 4108 1742 3838 3197 7659 5102 7942 
816 2948 3969 3767 2356 8094 11100 2583 4669 10735 8157 5306 10579 
817 3067 8210 8816 5290 7676 10329 8869 9558 4664 5389 3165 6353 
818 9261 8333 4341 6957 2716 8618 9444 4923 10879 7317 10327 7840 
819 10530 8417 7044 5476 5464 9301 7796 3010 2643 2380 1504 6375 
820 4129 1476 8512 10451 9379 3764 8401 4071 4016 8005 10714 9806 
821 2433 6664 5734 10613 6606 9674 9516 6146 3425 9001 3944 8485 
822 2389 5734 2841 4486 3385 10291 1927 10803 5059 10431 9848 10530 
823 9423 3615 3366 4691 11049 5786 6848 10285 2017 2626 8019 7613 
824 7185 4172 3139 7746 4284 1562 9357 3104 10108 9527 1788 4895 
825 6224 5505 6352 7580 3031 6200 1836 3245 6938 6561 4149 9065 
826 8271 6352 6023 3686 9928 4605 4474 1695 6211 7349 2416 8661 
827 2516 5751 1452 2827 6933 2749 6289 5663 5403 11005 2434 2373 
828 4845 5311 9243 8142 5151 9096 6848 10285 2017 2626 10336 5565 
829 10190 4499 7570 5353 2033 6898 10774 6941 6670 6829 2731 3551 
830 1853 2473 8807 5252 4338 9622 9894 8041 8845 5288 10110 3030 
831 6606 7487 4177 2671 7028 6931 4139 2211 6791 4475 4241 2244 
832 8080 7497 10331 5792 9157 1826 6321 6092 9008 7980 4294 9482 
833 1595 6908 4129 9485 3680 7023 9754 8071 3367 1497 9430 7758 
834 2747 4949 2457 9580 3551 5998 2466 3619 6435 4799 6520 6758 
835 5924 9173 5676 6794 7649 5227 1562 5613 8242 2916 9637 4710 
836 7677 2466 6425 8465 4550 2121 6520 3401 2470 2834 4635 8133 
837 5339 6419 3296 4308 4698 2578 5653 7430 1909 2950 8681 6169 
838 4141 5070 10207 4738 10754 8284 8550 4433 5195 3640 1682 5582 
839 2673 10303 4097 8572 3432 10071 1690 8520 10841 4725 3615 4869 
840 5385 10472 3863 1642 6289 10669 5950 7700 3054 4363 3353 10399 
841 3103 2450 8028 10322 9169 4129 2306 10052 9325 8045 4144 3591 
842 6472 7566 4797 7613 2826 7009 4569 4023 2953 1689 8895 1712 
843 1874 5795 5734 8623 4387 9381 4560 5345 1798 2392 6172 9645 
844 5862 10892 6083 2485 6395 2745 8074 11055 6925 7581 2983 10140 
845 9150 8291 4695 2032 7234 7104 4530 1723 10591 6225 6108 6817 
846 4883 1987 4468 2129 4766 10447 9369 10936 2849 10459 4437 6812 
847 1450 3252 4744 1679 4414 6563 5970 8974 7721 5840 8330 7865 
848 11091 9811 6635 6212 3715 3238 8901 5044 6226 4772 2415 10368 
849 10456 6813 8676 7664 6284 7895 4979 4791 6659 8185 9783 3923 
850 2159 10494 2554 7697 3038 2474 9495 8454 1857 3824 1895 7899 
851 9284 7516 6418 7754 6252 6696 10797 5522 2128 6061 3859 6368 
852 8538 9284 9219 2708 4327 4539 7354 2920 8377 4828 10011 11066 
853 9681 1660 3938 9754 7611 4429 6998 10893 8226 3199 4698 3888 
854 5043 2745 10939 4408 8520 3354 9758 3626 8416 2127 6622 2788 
855 10094 3888 4072 5012 10249 10953 8237 8209 5408 3880 10115 1927 
856 5747 3626 7629 6753 4521 2808 4816 3438 9583 10051 7676 8360 
857 2015 10584 7886 2800 5267 10439 6453 8715 4939 1715 7762 5820 
858 4122 9015 3892 8746 5323 7354 2920 2713 2748 7890 2989 1824 
859 8869 7405 4635 4944 1729 9794 2395 5830 4762 6349 8620 1791 
860 1845 2707 9257 4140 5052 10530 10735 3716 8510 8657 10496 4781 
861 7102 5679 1625 2394 10609 11019 2078 3172 3285 8434 6626 5511 
862 4733 6649 10216 2596 3484 1940 3569 6098 8425 1753 6887 5190 
863 6514 2254 3703 2632 10578 9967 8625 7883 4980 9367 5111 3676 
864 2990 4129 6609 6854 10387 4376 8852 6424 3430 9344 5965 5847 
865 3199 6403 4829 8537 9571 3182 9240 4804 1963 7565 3229 5862 
866 3067 7690 5114 5083 2102 8043 3904 4230 10430 2466 5345 7933 
867 8746 6011 10953 6567 9743 4214 3948 3458 4023 2953 10802 8341 
868 10893 8199 7625 2135 3405 3263 4014 9970 4352 8753 5201 5088 
869 8522 9667 5741 10934 6645 5432 2051 2241 7265 4332 10099 4673 
870 5385 8765 9457 2504 6762 9329 5509 8555 8370 6432 8744 8710 
871 5756 9364 7107 5021 8341 4782 3867 8193 2749 5832 10368 6877 
872 6556 3967 3413 2347 10716 4211 8902 4599 7273 4412 9419 2184 
873 9417 8016 6659 6914 7139 9191 4363 7358 3335 5658 10593 10785 
874 4969 5711 7453 6196 4635 9609 5169 9750 9059 4248 10142 3874 
875 10470 5595 5521 1507 8591 9600 8070 10368 7786 7612 2629 6152 
876 9117 5058 2067 7534 8376 8868 10713 8253 9430 8932 6047 6874 
877 5468 8419 1598 7430 8917 7038 2764 8170 9073 5663 3712 7567 
878 6659 6531 1727 7495 8192 2738 9314 5546 11088 7258 3722 1928 
879 2930 3995 2452 1863 9292 9846 10094 7543 9419 4766 8031 10394 
880 9976 10825 2487 9909 2418 9130 2617 5092 2447 5399 4181 3577 
881 6991 2438 3438 1927 4320 4691 4132 4443 3067 2367 10874 7936 
882 3286 9419 3200 8635 10470 9610 6572 10153 6848 10285 2017 2626 
883 7643 7867 2089 7719 9441 11022 9888 9196 3438 6243 7648 5529 
884 1816 1959 5664 9598 10190 10806 8869 3972 4923 2852 8236 4824 
885 10303 1766 7324 7833 1880 4910 3767 7611 3154 2575 2985 8446 
886 2194 7987 9393 8909 6198 2209 10056 3304 3454 4442 6314 10558 
887 3036 9329 2802 8223 7666 7554 2783 2350 5034 2785 10453 5731 
888 9443 8314 8932 8119 2207 4945 5855 3712 9434 6315 6435 10097 
889 6289 3191 4399 6496 9058 7644 4511 8283 10193 6307 9991 10638 
890 6544 7474 8237 10119 4502 6998 9002 4448 9310 5496 1494 7825 
891 6596 3063 4487 1452 3383 5020 3198 6632 3141 1617 1916 1893 
892 1502 3112 7250 6468 9154 9169 9889 9043 3012 9318 4119 3171 
893 3546 5006 7442 4486 3527 7197 8237 3183 8297 10646 4968 8320 
894 5829 10396 4326 9138 6918 10730 2743 10683 8196 10607 4479 5362 
895 8746 6813 9018 10764 5871 5323 9074 2628 9906 4547 6890 10208 
896 4522 5151 9096 10871 3572 7635 6384 8205 8860 4196 5113 5046 
897 2178 7314 7418 7787 4917 3852 3077 9411 5734 3343 1797 10682 
898 4346 3430 5734 6388 5147 10103 3098 4643 2514 8780 2752 10187 
899 5294 6477 10994 8246 2152 2237 3274 10624 7097 5377 2471 8454 
900 8587 8019 6748 8096 2073 8553 6848 10285 2017 2626 3258 9882 
901 7082 9163 7354 2920 6396 7664 1831 4132 4443 2766 8196 6961 
902 7185 3615 8202 8102 4776 6338 4153 2266 7683 6840 10764 9102 
903 6472 6252 5696 8157 8163 7782 2747 10071 1725 4510 2897 7543 
904 4845 6857 1938 3359 9221 6980 5385 8801 7991 3508 4549 1711 
905 10938 5751 2752 1452 5292 2223 2613 2276 9688 7139 5132 4682 
906 1640 2795 6181 3294 6728 9624 8279 8129 1677 10100 7425 9655 
907 2389 5734 2156 8490 3921 7605 8929 2890 5641 5310 2922 7167 
908 8147 3899 10527 5720 4864 5189 9898 8579 10660 9073 8189 7928 
909 6848 10285 2017 2626 3141 7627 5210 5406 10548 3524 3861 1521 
910 9955 7649 2675 10101 7353 3338 7096 3216 2330 9200 6984 8048 
911 7401 2983 10077 1527 4812 3412 8512 7361 9379 10152 10279 4271 
912 5373 10536 5070 7032 7121 6372 3067 7919 5957 4207 5329 8003 
913 7841 7606 4988 5918 3931 7132 9569 5749 8305 7508 4444 8314 
914 9955 7999 4828 4388 2827 9309 5208 1846 7863 8754 10289 7706 
915 1766 5188 6662 9485 2232 3795 1728 6080 7708 6112 9506 3005 
916 8912 7205 8364 8322 10533 7628 8516 1605 4529 6471 9858 3298 
917 10998 6735 7313 9382 2314 2338 10893 9650 9335 10940 6396 1583 
918 9319 4910 5912 9795 6814 3655 7116 3179 6034 4145 2842 11058 
919 2179 10615 8537 8386 5996 10243 2780 10913 4653 9355 5872 7465 
920 6436 8483 7594 7378 7855 1935 9370 4600 1546 10830 11077 9729 
921 8377 10107 2845 1615 2786 9692 9153 10789 2412 1927 3863 8320 
922 4873 10014 2347 4867 2612 6848 10285 2017 2626 6014 4631 10929 
923 8642 9970 10918 6310 4273 5795 4434 6298 5376 10513 2071 5898 
924 6696 7354 2920 2510 5702 2182 9384 2227 9035 10226 8768 8885 
925 7218 9828 2575 4214 9923 3286 1874 9403 4416 4692 5275 8953 
926 7677 5379 10982 8743 8253 6732 8653 8992 2389 9424 4218 9332 
927 4615 6328 8628 3596 7294 10087 7911 5629 8480 7878 4158 2397 
928 3546 6848 10285 2017 2626 4691 6964 10655 3036 1927 8224 5366 
929 10664 4550 10177 8046 5006 3200 10512 8413 3192 7454 1994 7004 
930 6848 10226 4725 10796 4346 10694 8572 5208 8463 6661 3537 7957 
931 5164 2602 10404 7635 3496 6525 9351 7144 9122 6785 2448 4678 
932 1698 10764 5802 3692 7621 3103 8592 3147 8230 6451 6069 10064 
933 7925 3784 3306 2947 2728 8884 3023 10770 3863 2257 4770 6185 
934 2499 5734 9169 4126 2344 3462 9260 4425 5794 9631 4870 7416 
935 1542 5106 5299 8651 10474 1822 8153 2325 5997 8976 2046 10420 
936 5151 9096 4534 7324 7354 6625 2920 6011 4388 4925 2863 10336 
937 7287 6103 9271 11081 8354 1749 10193 8772 7560 8353 9018 6258 
938 3298 6485 9288 7715 7059 2231 9506 9459 10416 3930 6252 9936 
939 7278 10078 9473 4588 3388 4073 9265 7636 5057 8057 2924 1981 
940 4755 9176 9875 3558 9012 5515 5727 10531 4916 5795 10021 6536 
941 2775 10108 8698 9566 4872 3300 4117 5650 2370 1733 3460 7677 
942 7088 5684 10953 1927 7024 4705 1641 9037 9192 8510 11097 6309 
943 8159 4486 8692 2827 6339 2062 5208 6848 10285 2017 2626 6165 
944 6011 6124 6446 6556 1452 3820 3714 2107 5285 4879 4897 1654 
945 7416 8501 2305 6258 5640 4701 1618 9929 4376 10411 10050 10838 
946 10107 2845 10094 3888 2827 8214 6877 9430 9538 2349 4611 3547 
947 2777 7713 8769 4426 1662 3753 9846 3554 5774 5716 10802 7096 
948 5794 2841 10314 6302 7756 7086 6620 2171 6462 7477 4851 8180 
949 1874 2744 2829 8806 5928 9725 8842 3352 10220 4741 3322 5346 
950 9018 6709 3543 7759 7859 10758 6694 6102 6067 5565 4132 4443 
951 11000 4178 3333 9926 2451 4576 4731 8054 8040 7387 8023 4866 
952 9974 2728 4724 3424 5123 6104 2332 7852 8023 5968 6502 6481 
953 1556 4201 6015 4081 5734 10581 9628 6589 5565 7402 1762 3784 
954 9538 9273 8636 10762 6401 6769 10148 8624 5616 6483 7141 4692 
955 11038 5615 7715 7354 2920 1582 6848 10285 2017 2626 6374 2807 
956 3446 6848 2964 7378 1803 2907 6730 7402 9258 3234 4761 9687 
957 6669 5387 9117 3200 4501 7836 1633 8317 3580 7777 3830 2274 
958 9001 10670 7281 3193 7623 6337 10798 10735 6873 2530 2044 6076 
959 10926 10018 1914 4343 6849 7776 9437 10929 9591 7117 10800 3552 
960 3462 8442 4968 6291 6289 4382 3344 5893 4288 7474 10946 5803 
961 2792 9072 6627 5220 10191 7723 8218 5434 2644 4484 6963 4627 
962 2466 8831 9371 9110 7570 4571 10774 6670 3554 5115 2296 7620 
963 2181 5302 6750 8442 11027 9631 8717 2109 3394 8461 3636 5798 
964 9972 3735 5008 4814 9176 6382 4273 10107 2845 9986 2730 6475 
965 8423 8181 5856 7457 10031 7245 7955 9206 5040 10137 2770 5738 
966 7220 6305 8522 7286 6135 10478 10033 6621 10822 3491 2129 6821 
967 9485 2516 5151 9096 6496 6821 4296 5741 10748 7649 5236 1642 
968 9935 8571 6597 1949 10357 5525 5572 4204 5249 9098 7772 10627 
969 1576 9722 4126 6312 2069 8384 9749 6695 9900 7350 3585 3815 
970 2509 3475 8433 7142 3951 10739 5322 3113 7039 8783 5247 4403 
971 3200 4557 4793 6624 3031 3599 2815 4101 5112 5706 8034 7490 
972 5591 4955 7096 2667 2330 10237 1905 10465 8884 5965 9541 6375 
973 4615 6659 6099 7137 9485 5345 2516 2673 1492 9667 10713 1637 
974 4615 7554 4954 3799 6518 7169 6577 4087 6562 9330 6260 5504 
975 8746 5163 9809 3842 6807 10922 3462 3532 10536 9066 7440 7872 
976 6661 11005 10864 3701 3849 7518 2821 8032 3916 8118 4969 10152 
977 2443 6107 9763 8111 10275 5076 3526 9578 3887 5431 5892 5568 
978 9308 7554 8329 8486 10630 8368 3177 7202 2499 10841 5345 8050 
979 6916 7368 3255 1710 6131 2324 3650 3069 8676 9433 9137 4138 
980 1927 5004 3456 3633 5904 4863 8763 10057 10241 10529 3120 3548 
981 5506 9419 6877 6818 4313 6604 6802 5867 4457 9674 3541 9223 
982 3200 7378 6848 10285 2017 2626 9423 10764 1615 5360 7354 2920 
983 3175 8314 5887 2461 9489 9391 2964 7969 9245 1686 2828 9797 
984 5633 3414 6590 10893 2575 5189 5604 6378 3759 4823 8918 7934 
985 10107 2155 9752 1783 6172 6606 4828 4739 9817 5179 9485 7474 
986 10696 7999 6924 3347 4996 7003 9421 4473 7474 5884 4785 1779 
987 2516 5734 8495 6472 4486 2048 8623 9001 5114 3993 9263 6637 
988 7136 10753 6662 9576 8372 7989 6699 1835 4713 3931 4464 9919 
989 1470 7074 5364 11046 9680 5734 4565 8991 7078 2382 7221 5189 
990 10058 4288 4132 4443 6662 8666 9783 10268 4467 8156 3929 10783 
991 3673 6781 10636 3846 4376 6956 3597 10474 8884 5905 7613 6138 
992 2069 4023 2953 5435 3327 9756 5601 7024 8125 2968 10859 4078 
993 9703 5141 10368 11051 8683 9854 5457 3439 4237 3451 9649 4118 
994 10945 1598 2827 9566 1537 10865 6302 3426 6044 9404 1524 5595 
995 9257 2416 5345 10412 8277 10453 7462 10748 5433 7657 2966 5846 
996 2850 3016 4362 2441 7161 5767 5683 2091 9744 3017 8193 3154 
997 1766 6256 4132 4443 5392 8323 4275 1553 9073 7680 8218 6149 
998 4718 6698 9667 8383 2360 8212 2839 7825 5099 10036 5338 8452 
999 4271 3922 1927 10793 2755 2166 6690 8015 6252 6661 1467 11005 
1000 9846 10106 10703 6472 8623 4910 2299 9282 4575 7999 5114 10673 
1001 2356 7825 6060 9602 3386 9073 1754 8982 7535 7418 5782 9254 
1002 8658 9787 2516 10235 9266 7197 4363 8868 8875 5022 8133 6258 
1003 5751 6848 2431 10285 2017 10291 2626 2370 5495 8861 9175 8927 
1004 7293 7611 8984 9847 6848 10285 2017 2626 3144 8368 10193 10449 
1005 6472 1538 2516 5734 2827 9636 8989 11005 9296 2485 10534 4835 
1006 10900 6580 7149 3525 3486 10334 10395 2524 1644 8019 6548 6231 
1007 4284 3063 7613 2150 4560 2673 5622 2465 4441 7915 10841 8831 
1008 2515 7653 4654 5252 6512 7216 9444 3012 7178 9997 8558 8999 
1009 10470 5179 3385 2450 5957 10202 9470 3675 6247 2524 10554 2587 
1010 9207 4169 3101 1525 4857 3340 8481 4304 9723 7344 6300 10911 
1011 7050 7202 2457 8411 2230 8738 5114 3182 4734 6837 6889 6640 
1012 8910 8209 10402 11012 2150 6767 6065 6912 2921 3219 9526 8069 
1013 2633 3329 7901 8544 4017 3483 6098 2907 7237 10072 7610 7676 
1014 9321 11083 2513 10737 1572 3708 3051 10157 9106 4098 8881 3300 
1015 3892 9367 6637 2022 10829 5394 7676 8557 2883 8301 7634 1913 
1016 9284 9485 3988 2605 1863 8159 10242 6590 2074 6467 8823 8629 
1017 7185 7373 1562 7054 3723 8531 2954 5663 9356 6315 7769 9546 
1018 8587 10103 6633 9465 8510 3430 5734 11047 6231 11065 6575 8019 
1019 3173 10303 10748 3863 4825 4046 2964 9296 9204 8937 4997 3414 
1020 5751 3391 4725 8034 2293 10235 4486 8758 1756 9039 5143 8342 
1021 4691 5731 7911 4863 11032 3594 10607 6970 10713 10113 9938 1906 
1022 10762 4493 4537 9575 10009 7320 3267 2282 7381 9257 5654 6259 
1023 8382 7477 3699 5385 1768 4518 4792 5398 10080 9081 4289 10504 
1024 6848 10285 5204 10464 10983 4935 7407 5631 3055 6902 5595 3052 
1025 4727 1798 4371 4668 10528 7441 10339 1759 7633 2323 1491 3894 
1026 5751 1542 8281 8283 2430 3810 7053 6530 5937 10081 8274 2222 
1027 5982 1617 8402 7090 1927 2749 4852 5026 3028 10867 8188 10928 
1028 4903 5276 3105 5418 10123 3122 7918 8121 5764 6878 8711 5287 
1029 9060 2694 3431 4052 3941 7894 10740 8091 6980 2599 9063 3645 
1030 5795 9536 2155 6848 10285 7354 2017 4371 3841 2626 5880 9612 
1031 5734 6848 3403 10285 2017 8170 7898 8510 8076 3588 3342 5539 
1032 3564 7500 1572 4828 1537 5114 10410 2702 3377 3732 10448 6242 
1033 4571 2624 9361 5933 9117 3554 5005 6176 6758 2903 3692 5405 
1034 4948 5158 6097 2275 6168 10124 6421 10000 4607 1910 7932 4658 
1035 4615 7645 2713 9042 1947 4536 2732 4783 7168 5489 5153 5900 
1036 7047 2884 1549 9386 2040 1666 6412 8536 7118 5922 5987 7579 
1037 9286 7549 5885 2275 3624 6416 2193 9752 9204 4828 7154 1910 
1038 7791 6420 8493 4642 5119 5608 2644 2929 3389 2625 6987 7213 
1039 4344 5751 2752 5767 1452 6802 3198 10543 5854 2034 2413 5883 
1040 9843 6556 4333 1927 4279 2311 7065 4271 1800 5165 5268 4069 
1041 6284 4491 9879 4962 5278 11049 4999 6898 3538 4483 4090 9835 
1042 3200 6848 4671 10285 2017 3817 3214 9399 2364 10618 9485 7284 
1043 5781 4044 10606 4093 4295 6283 6995 2087 7433 6703 2742 2401 
1044 10748 3871 4810 4990 10730 3093 8864 4045 8204 11039 8314 7228 
1045 6011 10487 2796 9343 8553 3293 8193 9653 4915 1876 6850 9465 
1046 3200 11075 3486 3590 3054 8603 2997 8840 6258 5447 3863 6463 
1047 7378 4910 2389 8123 9091 3655 1976 7522 9152 4500 8415 8101 
1048 6848 10285 7611 1860 7011 6489 8553 11079 7001 5210 8124 8027 
1049 5482 10751 9631 6662 4401 9867 3560 1825 8284 5069 2203 6301 
1050 10712 5973 8443 3437 5421 7510 9496 3213 7769 6853 7491 7984 
1051 5399 5042 5151 9096 4856 9073 2823 7185 7184 4007 5205 6818 
1052 2401 2158 1944 10063 6090 1562 2457 1995 8531 2938 9431 5499 
1053 9485 10762 6848 7613 5916 3670 10285 2017 2626 5845 6945 10930 
1054 8065 1626 8923 6352 9962 3863 4479 4999 4840 8733 2433 10534 
1055 3234 9435 7792 2547 7913 10869 6848 10285 2017 2626 4927 4507 
1056 10724 2784 4168 7075 3436 1681 6977 11072 6953 9448 7843 7680 
1057 7956 5352 2935 9768 2636 9418 2902 9114 7789 2414 5150 9345 
1058 8417 4438 10402 4327 10235 10174 9514 4998 2036 1467 1527 6732 
1059 6020 2840 7889 7943 7163 2460 8692 5026 1813 7813 1927 9443 
1060 3500 7970 6538 2498 2713 2014 5474 7036 6972 2481 3605 3011 
1061 5663 9453 1851 1992 7284 8603 8177 6185 2257 3200 7526 7683 
1062 2195 6214 6578 2069 2541 9508 10402 10073 7820 6752 2726 7616 
1063 5916 9957 3732 8981 10393 8312 5114 2569 3808 7096 3432 5513 
1064 2177 10250 6848 4671 7256 10285 9385 2017 2626 1918 8700 4924 
1065 6905 4887 1945 4463 10532 2692 3555 5618 7819 4592 5087 1588 
1066 9472 1843 2450 5794 2524 10407 10235 7677 8623 7469 10685 4675 
1067 9472 5236 7096 5392 4865 2105 8183 2356 9373 2581 4946 3511 
1068 7569 2702 11036 4691 5595 2553 5824 6110 9483 2911 5056 5444 
1069 10173 10449 10044 7619 7140 3770 6848 10285 2017 2626 6858 6918 
1070 6468 9258 8626 7358 10889 6586 10535 3157 6264 2386 4251 9852 
1071 5469 7882 3510 8524 5588 7467 10599 9812 5284 1849 2673 2898 
1072 7373 10126 7950 2043 1827 4790 2068 8359 4587 8393 7360 9698 
1073 9001 4487 2177 3409 3359 3895 9292 3980 4868 7724 2402 8939 
1074 6610 4203 9367 6377 3730 8482 5189 4591 9967 9796 3018 7152 
1075 7672 2075 6877 8820 10786 2964 2673 6848 10285 2017 2626 9169 
1076 3200 5795 4284 6848 7700 4613 10285 7354 2516 10559 2483 6059 
1077 1927 6661 4852 8973 6917 10184 9965 3213 4796 3705 10389 6217 
1078 6848 10285 2017 2752 2626 2130 4809 9210 10062 2578 5419 10432 
1079 8587 5151 9096 4108 3115 9374 9009 5347 7214 6832 5410 10102 
1080 5751 2097 9309 9304 11005 10762 7938 1943 1452 9666 2499 4433 
1081 3446 3430 5151 7760 9096 7354 2920 5931 6188 2069 5535 10658 
1082 3525 6523 4848 7011 8382 7966 5328 10520 6514 8325 9959 7316 
1083 4344 4828 5841 4757 4388 10530 8857 8868 8672 4487 2964 11076 
1084 3446 4522 7044 10613 10659 8839 3732 6124 3576 3395 2009 7634 
1085 2204 4256 2716 8413 10430 2416 7460 4141 10022 9894 2624 10730 
1086 1452 6515 7487 6606 8071 10958 2825 2007 4533 4479 9336 4191 
1087 9922 7911 10470 6143 7936 7754 8835 8875 2280 4315 5909 10764 
1088 7755 7569 9279 5507 10365 9283 9663 8483 1750 4258 4029 6397 
1089 10523 1671 6006 8052 8413 4774 9753 9414 9921 5646 6298 9857 
1090 4132 4443 2177 2701 8196 4996 4472 10433 8968 8874 4126 8587 
1091 2575 2058 1948 9956 8436 3914 3940 2298 2444 5347 3549 3525 
1092 3173 5295 2478 6851 4388 4848 6205 5746 6176 2144 2931 4272 
1093 9309 3942 3054 7711 9149 10094 9037 4327 6443 10368 7029 5452 
1094 8670 3908 2516 6848 10285 2017 2626 1976 1825 5114 3414 5696 
1095 6196 10104 1646 6925 6938 1987 7040 4709 9430 1852 1476 2751 
1096 8587 2241 4060 6804 2876 4712 5136 2305 3494 7403 10268 1615 
1097 9232 5989 6214 3070 7418 10412 8229 2009 1737 9771 6609 2291 
1098 1598 9046 2279 8142 6252 3719 2355 8377 7324 3752 8298 9073 
1099 2734 10587 2867 6815 11048 2820 6651 6157 1937 9585 8805 1789 
1100 7874 4079 3563 1592 3524 7498 2975 6877 10093 2177 5704 7679 
1101 3403 6755 7530 6379 10595 10371 2885 5571 4886 6177 10536 1720 
1102 3224 9901 7384 2263 9177 4904 9813 4809 3753 9520 6120 7329 
1103 8373 5665 2425 3604 3281 3498 4395 2007 5190 8249 10331 11024 
1104 4532 5000 2304 6806 5532 9169 8289 4541 9861 5293 3427 8403 
1105 5536 5620 6284 6298 8862 5365 10747 8196 6077 5416 2379 8639 
1106 4101 8083 4734 8272 5686 3706 7835 6621 6851 5389 5857 2419 
1107 9416 8282 6320 3663 8065 5734 8857 5955 1719 6710 6720 6606 
1108 5691 10256 9834 10704 8936 7629 10132 4596 4141 6996 2708 9811 
1109 3289 4122 8720 3200 1872 9309 5600 4633 8898 10080 7447 3789 
1110 1914 4018 5274 10041 6935 9418 8693 5517 5129 10538 2863 7351 
1111 3508 3173 9933 7629 2424 5676 4296 5136 4348 4651 8574 9264 
1112 4371 3300 10638 9430 8368 4918 10690 6758 9316 9135 8018 2289 
1113 4122 4275 5151 9096 6968 9410 2578 8087 10608 2713 9466 3997 
1114 9485 1480 8846 2378 10857 3415 2984 3216 9171 9807 3066 7422 
1115 2605 4797 10905 4396 2556 7247 9163 9120 2288 8519 6380 8481 
1116 5557 1827 1927 8368 5663 4311 3504 6634 9151 10475 8525 7266 
1117 5795 7677 4246 3303 5099 2337 6151 6848 10285 2017 2626 2303 
1118 4346 7611 7683 1925 9436 6568 10026 3349 3875 9566 10269 4242 
1119 9078 8022 4972 8913 2240 8755 1944 7695 8949 6367 2358 9916 
1120 10556 9833 9836 4360 9832 9241 6726 1944 8963 1636 6068 8568 
1121 5014 4978 5528 8103 10192 9931 7176 6764 4010 9086 8132 8781 
1122 6384 7347 6157 2153 8907 1648 10013 1646 3099 3268 10351 8725 
1123 1858 7658 8565 9281 3059 8826 5919 3796 3962 9552 9799 3786 
1124 3162 7676 6252 6660 5138 7769 9646 3217 8944 6621 10751 6729 
1125 9452 9252 9657 2070 4995 9778 1687 4987 3492 3375 4041 10847 
1126 10762 2827 6552 2141 6937 1544 9485 10226 5345 8466 10748 4173 
1127 3845 2926 2364 4371 2673 7893 7818 9471 2397 9090 6458 10776 
1128 1622 2539 2575 10368 5858 4974 8368 5551 5025 4539 8589 7096 
1129 9258 6831 4175 10684 10323 7000 4000 9025 4942 4707 7658 10839 
1130 4022 10929 2233 3314 2748 2792 10184 3899 3885 10086 7556 6590 
1131 8835 4209 6581 3067 2107 2888 9371 10952 1694 4296 2516 10596 
1132 3971 4355 5475 6071 4065 7434 8315 2918 2767 3423 10386 7720 
1133 8979 8199 3154 6124 10930 6764 8091 4388 7558 9851 4301 9583 
1134 5574 1722 10019 8440 10181 10821 4094 2881 4567 9051 9216 3288 
1135 5795 8623 3042 3627 9690 10165 1509 3889 1743 7440 3348 7448 
1136 5667 8311 9267 4730 8872 4386 3109 5269 9622 10901 4937 7928 
1137 2835 8706 9166 5745 4565 8743 4814 5147 9806 1562 4901 4037 
1138 6848 10285 2017 9601 2926 3064 4459 3882 10978 6590 10084 5717 
1139 5734 8746 9367 7354 7999 2920 4828 8352 8109 10421 4757 10486 
1140 6848 10285 2017 7321 7926 9962 4812 1803 7715 6220 6000 5140 
1141 7354 10108 3677 7587 1803 3949 9675 7407 8119 5751 1452 8643 
1142 1537 6637 9419 1846 7187 8735 3200 1803 7208 1685 3504 4371 
1143 5731 8386 10117 9777 4725 3345 6298 3462 8746 9134 1927 9626 
1144 5151 9169 2125 7489 3562 8276 5343 1779 4572 1763 3776 3977 
1145 2707 7354 7208 1976 11065 10895 5138 2019 6431 9958 7568 1875 
1146 6661 8601 5913 10303 4934 6775 7986 5663 3382 9316 7527 6146 
1147 6472 2516 1976 7569 7938 4987 8485 10592 3731 9982 7748 5222 
1148 2895 6856 3794 6832 7367 10333 2894 9290 4816 4109 5067 5634 
1149 2404 4368 9746 10951 5209 10644 3836 5367 10316 2820 6176 9169 
1150 3503 3036 1602 3377 5720 5069 5051 8840 9063 8553 4661 6736 
1151 6922 9395 10799 8963 5705 8314 8039 7870 3257 2230 2196 10809 
1152 5345 6146 5795 2736 8987 1551 2749 11005 3515 3318 8695 2239 
1153 9261 10378 7424 10749 7862 9032 9278 9605 3446 7345 4110 5461 
1154 6848 2635 8388 4122 1653 11072 2625 5564 4320 8890 4099 2516 
1155 6867 8884 8702 3692 7974 3115 10199 6924 7825 6252 5809 10058 
1156 4398 8223 1578 11044 1817 7946 2916 6993 9595 5744 4039 8198 
1157 4463 7915 7597 9419 2749 4852 6877 3028 11005 2825 5951 2399 
1158 5889 3403 10530 6662 8595 6821 9846 1771 3692 2605 2640 10969 
1159 1803 6609 2594 10044 3232 4844 10756 7875 3968 7629 9167 10510 
1160 8019 1947 1735 2507 3434 3199 7222 6847 5575 9002 7385 10368 
1161 6556 3580 2150 10862 7128 5022 8456 3290 9135 2074 8706 8823 
1162 5734 10895 10826 2927 6968 5747 2932 4938 7975 10711 6753 6992 
1163 10626 4180 5952 4985 6142 2540 2206 6035 5565 8408 4589 8632 
1164 2516 1927 8312 2764 2673 5017 3667 10470 3508 6398 5345 5615 
1165 2048 10190 9350 4185 3249 6670 10039 4635 4950 5005 3619 2903 
1166 7470 1462 6201 4717 9494 4914 4415 2318 8395 1613 9169 6279 
1167 8052 7676 8320 4816 7103 9758 8142 5845 9050 8262 8964 3374 
1168 4615 5014 1452 1579 3167 4978 5480 6796 8857 9163 3875 6775 
1169 7809 1533 8497 4734 2580 9598 3542 7328 4567 9967 6970 7948 
1170 5751 6848 10285 4836 4475 4461 2485 10559 3693 1925 7330 10362 
1171 6556 4416 10646 8051 5870 4929 6662 11004 10120 3528 2567 10645 
1172 4300 5821 8642 5022 4282 3546 1598 10771 7761 2928 4917 2644 
1173 8052 7289 10538 5892 10974 3606 5175 8587 5535 6723 7696 6386 
1174 6496 7766 10213 9578 10515 9485 6848 10285 2017 2626 1452 2673 
1175 8893 3885 9496 2862 4170 4755 6001 9871 2015 2672 2362 9773 
1176 9615 4570 9719 10370 4624 10189 10665 5183 3779 6434 4943 6883 
1177 1746 9356 5263 8599 4968 3847 4003 11093 3466 10260 3446 7809 
1178 9334 6621 8911 9947 10490 8587 10910 2209 10056 10414 8457 8617 
1179 5732 10229 5166 10585 8479 2678 10675 6111 2517 2052 7817 5374 
1180 3031 8911 2405 7126 6819 10497 4561 3377 6226 5916 2804 5565 
1181 10107 2845 8652 2806 7416 7160 4033 4771 5208 2495 3227 7444 
1182 6965 9962 9677 7363 3039 10375 1477 8448 8910 9299 5858 11078 
1183 7542 5027 9536 1986 3467 4486 3094 6252 6396 6124 3556 7796 
1184 8623 10633 7310 6915 4910 5925 3199 7222 2980 7172 6216 6016 
1185 2526 7905 3818 4618 6780 2516 2127 10470 4082 10645 4826 8044 
1186 5380 7440 10713 7590 11049 5556 9139 1678 3019 7676 9624 9101 
1187 1577 10417 7964 5356 10066 8086 2658 10642 10216 4573 7595 7888 
1188 1932 10454 8176 6317 4067 11041 8881 9315 7416 9581 9631 7620 
1189 9380 2734 8626 10889 5514 7291 10808 5186 2037 3870 7845 4217 
1190 6848 10285 2017 2626 1927 9309 1605 1886 9156 5390 9023 9937 
1191 8835 2155 8159 10562 7163 5909 8512 8209 5490 4679 4393 6818 
1192 1730 7541 7022 10797 2221 3438 2001 6866 4734 9777 9160 7754 
1193 10996 1927 5380 7354 2920 4271 10198 3832 7011 9430 7111 2284 
1194 4845 8377 5747 7324 7378 7354 2920 1875 6344 3767 9858 6993 
1195 9408 5616 4888 4505 8730 2096 6588 1493 8208 4637 1856 3927 
1196 5959 4933 5740 6646 4577 1927 6852 7597 4546 9707 8508 3803 
1197 5382 8114 3200 3162 4284 9284 7354 3655 6646 10470 3561 6609 
1198 8835 2596 8202 8102 1753 2160 7197 9191 9855 11087 1631 8866 
1199 8413 3115 4388 2023 8360 9579 8109 1959 4076 9571 3438 5445 
1200 2997 7047 2884 3174 4734 8839 9070 8111 8314 5191 5887 4150 
1201 7612 11075 1927 10151 9566 5794 2411 9373 9169 9162 9522 2141 
1202 9410 9674 1598 1982 9381 6557 10626 5757 2715 2659 2305 6932 
1203 9537 5114 9945 6872 8749 4141 4103 4828 7164 8314 3108 2080 
1204 3617 9668 9405 7516 3201 6463 9377 6223 1810 4375 10262 9006 
1205 1775 4097 10201 9002 10361 4759 8369 2228 8616 9343 4323 5215 
1206 3981 3310 7576 3129 3736 7352 10492 2062 4126 2348 3469 9038 
1207 5114 2217 5151 9096 10336 9599 9755 1802 9840 1984 2466 9835 
1208 4744 5869 8348 3557 7762 6466 9500 10761 3452 7845 10715 2361 
1209 3026 5647 10814 2841 4798 10412 9558 9007 4154 2726 8601 7478 
1210 6552 10602 7834 8553 7142 1725 10467 5867 5551 10045 1484 2905 
1211 5478 6066 5152 7252 11006 11014 9401 2853 7914 2571 7302 1959 
1212 7903 1704 10321 6759 7206 3176 9803 2552 10296 6290 1663 10740 
1213 4917 2978 8377 6848 10285 2017 2626 3854 8526 2934 5032 6974 
1214 2516 6185 3503 6847 2158 8193 4238 8623 9145 6517 10108 7219 
1215 2827 6847 4950 5821 10284 9001 8260 9123 2598 10185 6717 11049 
1216 2333 6838 8160 5735 3623 5655 7383 2896 4252 7186 8594 8007 
1217 5460 9205 2810 3490 9138 7202 6399 10959 9981 10309 3021 3377 
1218 3200 9890 4115 10667 4105 2781 7222 3476 1866 8193 4685 2387 
1219 7996 6365 6313 9790 9990 6376 8056 3768 8261 3203 2533 9716 
1220 2544 10562 9073 3182 6877 2827 5887 6821 9361 5138 9485 9680 
1221 2955 2299 5706 9769 5787 10944 2841 7871 4263 9590 4787 6133 
1222 10830 9423 8479 4447 4339 2641 3573 2844 3865 9439 3953 5393 
1223 4712 1649 3739 9680 8386 3277 8018 8185 2749 4079 10958 2647 
1224 4074 8587 5694 10069 5704 3829 4734 6291 7176 10562 8108 4060 
1225 10470 4565 3440 5995 3486 9536 4770 10730 3423 2364 8268 8417 
1226 9284 2605 8623 10929 7999 2555 2397 4910 10434 7995 7700 5345 
1227 2462 6322 10517 8377 6039 10280 3021 4632 7228 7550 3331 4921 
1228 9719 6865 5071 5348 8724 6882 4355 8281 5940 2011 3481 2874 
1229 8701 2983 2734 2201 8824 3182 1931 2644 8811 6390 10358 8838 
1230 2427 9343 7487 7137 7908 5193 2270 6471 4968 2698 5811 2378 
1231 3095 5147 5021 6124 6862 10893 8983 2402 1915 8901 8570 4047 
1232 5382 8114 2682 3119 7811 10201 6599 9309 6713 3115 4757 7753 
1233 5509 8295 8507 4119 7068 3171 1738 7324 5685 5187 8627 2253 
1234 3302 1562 8614 9104 5663 5810 6558 10383 9607 4987 5236 5962 
1235 8902 3733 8275 10402 10484 5281 10032 2912 8359 10065 10352 10176 
1236 10762 7613 8822 3982 2676 3584 3240 8805 5741 8556 8606 8413 
1237 9169 2144 3139 1998 8955 9182 7611 4950 10929 3246 11023 1610 
1238 10897 1752 10537 2687 2000 3434 4479 9445 5487 8314 6816 11043 
1239 4712 1874 6472 10202 3931 2097 7999 4532 5323 2516 5151 9096 
1240 8743 1477 2516 2752 7106 9149 3277 8910 10375 9168 2442 9223 
1241 9185 6895 9711 9021 4758 6079 9530 5292 5025 8091 10899 10324 
1242 8675 5934 1725 6128 10058 6571 4652 8358 10099 9423 2821 7016 
1243 4643 4346 9724 9601 2575 5345 8169 9828 10043 3233 2155 4196 
1244 9309 3846 10180 3230 10813 3517 8868 1498 3065 1844 5922 10201 
1245 9496 4105 8835 5379 8171 5909 6240 5653 2708 10131 6847 2351 
1246 3891 6961 8559 4613 2121 6506 2909 10919 6600 3468 9225 8483 
1247 8971 7829 10779 2138 4874 2618 10885 7712 9001 6156 5026 3686 
1248 1859 6505 1766 8627 3445 9908 9079 7715 7577 7680 8167 7676 
1249 4445 9752 3382 9423 4488 2725 8699 6510 3351 7166 6123 3915 
1250 7715 7151 7754 7083 7718 10573 7312 5602 5922 10621 4615 10017 
1251 10071 9833 5503 7459 5965 8572 2062 8275 4257 9671 4599 9840 
1252 8052 4246 1598 2025 2247 10109 7354 2920 5967 7543 2803 8304 
1253 7665 6187 9028 6813 8828 5535 5698 3254 7705 2327 5055 3088 
1254 9777 7377 7855 5081 4912 7262 3130 2872 4236 9085 9547 1612 
1255 4968 3183 3231 7554 6413 5910 6764 5212 8132 10645 7521 4151 
1256 8100 6724 6767 6621 5802 6329 9662 4068 5630 4488 4551 7187 
1257 11063 4532 8139 9647 6132 2035 4324 6234 8454 7190 7757 2016 
1258 2389 6606 7165 10678 10645 9068 9610 10953 2015 5143 4463 8798 
1259 3430 2341 9705 10038 5326 10643 5184 3672 3771 8225 7364 8790 
1260 10602 3036 6800 2412 2257 1812 2398 8580 7762 10638 10368 2726 
1261 3082 8428 4845 8811 6160 4806 6840 4676 1477 2112 7545 2177 
1262 7371 6499 4583 3243 1515 5786 4058 6770 11074 7423 2958 10144 
1263 4832 4680 10190 7224 8698 9723 5902 5306 2621 10416 9452 9777 
1264 5751 9292 9732 9993 3263 8135 5114 4273 9704 4507 9709 10946 
1265 6915 10645 9887 9443 1655 10982 7099 3553 6398 10023 4329 8990 
1266 2216 7547 2203 6050 3666 3732 8839 7509 5321 7688 6124 4349 
1267 2177 8377 5171 10368 2827 7321 8362 9308 4625 6830 1846 4834 
1268 9704 8693 4292 7505 8749 3136 9180 4171 8782 10086 3592 9014 
1269 9485 7165 4722 2610 6846 7709 10725 2789 9864 10722 3032 9683 
1270 9493 8159 3652 3213 9044 1793 1548 8223 3098 8834 4249 11017 
1271 6848 10285 2017 2946 3655 10108 2226 4132 4443 4380 8996 4095 
1272 6760 8746 4734 4757 2857 7487 8581 7137 3777 10390 4782 7853 
1273 6078 11061 10543 4432 8485 1915 3170 9058 5036 5873 2008 3948 
1274 10250 2827 8100 3162 4108 2578 6659 7486 3036 3251 9423 6889 
1275 9677 6007 7683 8901 6638 9849 10477 10843 7616 10682 5271 9779 
1276 6877 10402 3028 11005 5479 10563 2289 5719 4058 10986 1812 1551 
1277 2172 5694 2071 9176 9169 10104 11066 2576 5650 6661 6693 10730 
1278 7754 3446 2178 1551 1620 2553 2007 9534 6099 4085 10787 7601 
1279 2368 3048 9211 9575 6821 9106 3067 6700 4000 10230 8812 9358 
1280 9261 10954 2745 3527 6109 8431 8053 8378 4734 5438 1778 4018 
1281 7128 5004 6733 2082 7131 6650 6594 4404 10967 3079 9403 4357 
1282 2619 5157 10878 6249 1516 5765 2061 4839 3136 8313 6551 4376 
1283 3786 10632 10135 8741 4542 8543 3905 1971 3400 6487 8368 3743 
1284 9921 8209 10943 8287 8168 5147 9275 2104 3863 6364 1615 2747 
1285 9601 3941 1691 4609 7378 7305 6590 9343 5385 5247 3250 6764 
1286 9045 2516 10956 5490 7025 5082 8219 1665 5823 4779 5645 9062 
1287 4487 7062 9159 10491 7699 7394 1878 2214 1959 10876 9074 8284 
1288 3671 10713 5807 6018 10116 6140 4941 9963 9712 7825 8152 9598 
1289 9713 8083 9654 3873 3678 9970 1727 7289 8418 7493 9001 7561 
1290 3908 5114 7397 7168 5887 4725 9729 5189 1598 7502 6933 3508 
1291 5440 7335 6708 5179 7555 7533 2225 6516 8679 5739 5734 3156 
1292 2605 2009 2488 6075 7209 10254 7149 6562 3328 11102 10453 10719 
1293 11049 9962 6898 9310 10774 10904 9117 2731 6435 3692 2408 5276 
1294 6556 9443 8119 4373 3844 6387 4273 8394 9504 4579 7787 7998 
1295 2389 4728 5751 6388 9516 5189 6417 3908 9641 6757 6013 8947 
1296 6848 10285 2017 2626 2364 6472 7500 2200 5957 10604 4924 9503 
1297 8071 4600 2456 7258 2983 8694 10279 1875 6344 4388 8510 2230 
1298 10710 6448 1702 7611 4917 3037 10367 10346 9185 10847 3145 3141 
1299 5768 4374 6857 3356 3527 11024 6514 9599 3462 2706 1930 3444 
1300 8502 9590 4578 3868 2139 5198 7611 9700 8834 6891 6896 9116 
1301 4736 6302 8308 6252 10962 7395 6433 6662 7836 9576 7717 6508 
1302 2466 7703 6442 6348 7479 8540 3124 5303 9506 11010 9545 4930 
1303 6446 6848 10285 2017 2626 5741 8442 4363 8019 5410 6833 4032 
1304 5591 9015 4206 4266 10454 6252 5114 2333 5657 6119 3092 8767 
1305 9169 3767 10204 1841 8454 10471 3591 5886 8591 6463 9517 7416 
1306 4621 10854 11011 5571 5921 1668 4194 3050 4025 10560 6056 1953 
1307 7988 6656 5063 4215 2003 2986 2817 1812 6896 9563 7273 7290 
1308 6099 8029 5050 8951 8850 6465 2773 6661 7754 5453 1698 10402 
1309 9304 9399 1465 9746 10206 6122 7822 2365 4055 8171 10456 1511 
1310 6116 5192 7353 3306 4072 4818 6302 8601 9027 2802 9708 10855 
1311 11056 9621 7983 4233 7733 10354 7613 3181 9439 5064 3711 3734 
1312 5410 2305 6621 7787 2684 10619 2748 3278 4394 3368 3140 9053 
1313 4122 2177 5795 6848 5403 10285 2017 8823 2626 7430 3790 3524 
1314 2713 7838 10762 7078 10737 7315 5231 4958 4854 5049 7012 4954 
1315 7754 6915 6877 7902 9073 2618 2178 10044 4691 6156 6891 5795 
1316 3057 1804 9531 6954 7982 2505 9634 4018 4183 7409 2149 7027 
1317 2725 10481 8384 6796 10530 11002 5638 7616 2360 4512 3655 2399 
1318 8382 2640 4826 1644 11039 6590 5606 2546 8427 6345 5795 8049 
1319 9394 1468 3735 1731 2591 2360 7436 3931 7661 7629 5728 2966 
1320 10717 10191 7557 10861 3403 8623 10281 5992 10020 2677 3335 7079 
1321 2732 7787 2341 4282 3812 7418 8534 3256 5958 6909 8030 9129 
1322 10334 6190 6472 4691 9700 2203 7627 1786 5045 4421 9599 6666 
1323 10427 7494 6569 3067 2707 7649 8792 1919 5315 5320 8047 1721 
1324 3208 6701 4896 1951 3351 4068 9477 2063 4229 3159 2854 5626 
1325 5151 9096 8483 5345 10713 8096 4780 3964 2416 4267 8743 9231 
1326 6848 6050 2992 1598 4739 7023 10312 9169 4486 2749 4905 9186 
1327 8835 8380 5751 5151 2200 5734 9096 6312 2707 10235 2752 4466 
1328 5860 9357 9232 4832 4924 5189 5613 10112 4132 4443 9596 2735 
1329 7414 9158 6722 10901 4372 3534 2876 9295 4331 8147 9203 5806 
1330 7280 4614 10850 9658 8540 8324 4529 7786 10369 2579 9331 8070 
1331 6848 10285 2017 6080 1638 5987 10674 7259 7439 9733 9686 5734 
1332 5583 8464 2294 9505 3953 9559 9272 1559 9892 6707 1757 2531 
1333 2605 3002 1727 6906 4816 4639 10054 1536 7332 8174 9758 4892 
1334 3408 3635 3221 4178 2831 11104 7063 2393 6641 7355 3749 8197 
1335 9962 2941 3016 4862 1813 5017 9501 8439 2517 8259 10085 9944 
1336 10428 8835 2007 2752 3213 9991 5909 5147 8446 7045 2575 3277 
1337 1984 5469 2654 9840 9661 6653 8675 2798 5284 8988 4031 2264 
1338 9939 5206 6919 9427 7675 10202 5703 8149 2516 6163 8696 6486 
1339 7021 9034 9706 7929 2308 8318 8543 7473 7574 6426 4600 7359 
1340 6164 3675 2838 2445 2491 7354 2920 9181 2154 4739 2759 7706 
1341 5773 6009 1619 4208 1889 7440 7176 9509 4124 3560 4935 4745 
1342 9914 2186 4192 9989 3302 7324 10674 3626 2621 8368 5902 6606 
1343 9277 6554 5552 8273 5245 4246 4376 7586 5498 5248 3009 3999 
1344 4615 9822 2516 9972 1982 6115 10209 7317 9795 5618 7684 6281 
1345 2302 1620 10544 7959 5656 6137 2322 5639 3993 9712 5132 7388 
1346 3212 3299 6347 9029 10167 8795 5891 1942 10025 2809 3709 10066 
1347 2406 4263 5412 8392 7135 8727 2458 8673 7253 8399 10337 2543 
1348 5151 9096 5559 8901 10412 7418 7536 7538 11089 6604 2007 8179 
1349 2282 8405 10794 5812 5275 9953 2440 7314 6801 5416 9502 1731 
1350 3317 6834 1562 8704 10672 1823 10096 5136 7150 9456 10648 2018 
1351 7201 2389 5696 10422 5100 5200 4348 2039 5578 7740 10425 7056 
1352 1931 5402 5779 10609 11013 3244 2886 8479 8285 4962 4060 8066 
1353 9214 5264 5652 5325 7487 4511 4048 2877 2369 3610 5021 5385 
1354 3629 6749 4968 7649 9614 6409 10621 2907 5114 7514 7676 2360 
1355 6848 10285 1598 9047 8142 7802 2243 3927 5179 10777 5595 4482 
1356 8178 5887 3872 10744 5384 7999 11010 2748 8454 4672 7295 10850 
1357 5380 8159 8396 5189 6187 9139 8098 6311 5795 6826 10090 1553 
1358 7996 8680 5526 3033 1962 2627 1888 10020 9801 3107 4767 5985 
1359 6606 7023 3903 1795 4309 1598 6410 5751 4845 4327 10294 2467 
1360 3100 8702 10506 6455 8944 10890 10617 7458 11103 2907 4699 7917 
1361 2553 9654 5084 2687 5413 9485 8746 6377 10188 10762 6507 6052 
1362 8599 10108 2665 8653 6194 4655 3377 2734 6588 7904 1714 7540 
1363 6848 2841 10285 2017 8823 2752 2626 8998 9304 5605 2548 9825 
1364 9485 9263 10878 7749 5206 2821 7676 3077 5766 5091 9828 9328 
1365 6848 10285 2017 2626 2466 4129 7715 3419 8253 7645 7005 1908 
1366 4535 3690 7754 1924 1732 8356 10749 7862 10912 3339 8260 11049 
1367 4129 1716 7113 10193 2210 11005 10645 4568 5374 1534 10071 7800 
1368 2670 2107 6450 6173 4479 3660 9699 3685 9257 7228 7674 2125 
1369 10817 5718 8605 2966 5632 5103 5107 3983 2190 3674 3435 10271 
1370 8706 3305 5911 9452 6493 2348 9313 8270 9543 9475 10291 7836 
1371 10303 6923 3729 3022 8886 5160 5533 3438 7770 6847 5017 9729 
1372 2777 1717 4013 5266 10216 7342 4190 3090 2562 6739 8948 2519 
1373 9589 4416 3723 4446 4952 7931 4419 4934 9656 8363 7767 7825 
1374 7461 10933 3036 11093 8600 8512 9309 7715 4371 6488 5592 7211 
1375 8835 5909 10163 2121 9626 9360 8746 4968 6503 9914 10762 8537 
1376 8286 10752 10226 4154 4780 9727 5066 7685 9300 11019 6427 4213 
1377 5967 2516 3634 3964 3505 2964 4959 3196 9802 9193 7341 7608 
1378 8962 3293 4371 9321 1987 8866 5795 7182 9654 3041 2095 10468 
1379 3430 7885 10094 3888 2673 5012 3947 3411 5345 1562 10003 9567 
1380 6848 10285 2017 3655 8859 7260 10103 6252 2468 5117 7127 7629 
1381 8615 5093 3040 10521 8396 6660 7208 4812 4765 6327 8589 9700 
1382 4175 7920 6357 10964 2625 7402 9270 8744 6179 2644 4008 3150 
1383 5043 10836 9954 4388 7328 9833 10524 4411 1921 7667 8744 7402 
1384 9771 7023 8229 8533 9065 10837 2273 7752 5956 3840 8866 9651 
1385 6848 10285 2017 2626 8596 10222 5259 3004 10209 2644 4487 1954 
1386 5795 9334 3174 4757 6796 6396 9730 1537 8623 10428 9874 9448 
1387 7677 8283 4261 9439 5147 6926 6868 4192 3261 9968 6534 3139 
1388 4223 3565 2150 10375 2229 2915 9469 6577 7847 9734 6822 5866 
1389 2821 1927 1707 9128 5632 7737 3486 10598 4424 9718 8576 2499 
1390 5011 7222 8355 9960 4265 6216 2518 4102 3483 3692 7676 7195 
1391 6731 6606 5345 8133 1466 10802 6818 9876 3631 6937 7089 3359 
1392 7219 3884 1463 2713 4755 3115 11003 10816 9676 3758 4559 6530 
1393 4255 9503 8941 6036 7078 9998 2497 8161 5706 3075 2573 10034 
1394 4873 4917 8280 2355 1514 8108 1656 5531 6803 9075 4554 2925 
1395 2302 5734 6848 10285 2017 3615 2626 7999 9309 1713 9837 1477 
1396 6848 3655 10285 2017 2626 4716 7358 9443 3136 2964 10093 2053 
1397 6548 8665 10335 2586 4681 4747 2583 8131 2508 10967 4644 3620 
1398 3952 9239 3591 1537 6848 10285 2017 2626 2015 7949 6252 8648 
1399 5795 4626 7058 3522 5627 5535 7802 5718 3381 6675 4337 2901 
1400 10622 10358 3234 7358 6535 7879 9927 9760 10925 4035 1571 9582 
1401 9421 4753 2132 10042 2123 9115 8729 2711 10718 5537 6150 7134 
1402 4401 2340 4818 4711 3185 8761 9372 9509 10279 10023 6574 3045 
1403 8062 2088 8092 2565 7768 2532 8810 10139 4531 9918 5142 1486 
1404 10743 3479 6280 1927 8026 8741 10712 3471 10476 10050 9694 4932 
1405 7158 4059 1474 9856 9769 4056 3127 2459 9697 9574 2933 1628 
1406 10334 7378 2466 4060 1452 8019 6802 5993 4472 7539 3615 9112 
1407 2605 9782 9652 8021 4146 5515 8154 2093 2568 2466 7881 8814 
1408 10764 6715 2974 2242 1968 2689 11105 6129 9274 9262 1956 8660 
1409 5516 10440 7827 7532 3582 5831 8117 5778 11026 2917 2401 3357 
1410 7354 7771 2920 5114 1966 10226 9654 4487 4214 2233 8928 7935 
1411 8744 1803 10530 9284 3033 2516 10470 4072 9169 6796 5713 8958 
1412 10818 6820 1770 5089 9406 2013 9745 10765 8160 7304 10709 8438 
1413 5895 3945 6331 10109 1871 9977 10564 6205 2071 1490 6476 7215 
1414 2516 6848 10285 7354 2017 2626 2920 5306 8601 3541 7228 2306 
1415 10559 3359 3154 1494 4687 1916 9292 8316 10385 2485 4348 3415 
1416 6496 3154 4599 9284 3594 4613 4856 5065 7674 4770 10347 4734 
1417 6606 5845 1927 9534 7519 6406 10803 10360 9594 2681 10334 8515 
1418 10094 6933 10766 8950 10201 2389 10953 9309 6840 10107 2845 11042 
1419 5227 2578 4698 6329 8741 2745 2282 5755 3932 10252 1758 2406 
1420 7185 5747 2665 5416 5741 1825 7701 6008 10051 7762 1815 2212 
1421 1645 7018 6823 6295 5363 9349 3724 10306 7162 4606 10159 4243 
1422 2302 6840 9284 2605 10303 6029 2964 7042 10243 5061 4369 3393 
1423 3503 2757 9535 3934 3156 5671 5350 5741 9716 2215 9971 3096 
1424 5095 1975 2101 5741 3559 10441 5689 6584 3786 7240 5737 9716 
1425 10089 5056 9726 6013 5243 4753 8104 5613 2319 10896 7233 10010 
1426 4218 7296 7282 8394 4655 6619 6710 3504 3453 9600 1997 9699 
1427 6541 9448 3372 6092 2606 3315 7017 7664 5965 5138 9001 10870 
1428 8471 11096 5768 4953 5138 6973 4888 4734 6857 9696 7690 2331 
1429 3504 9448 4490 2031 6399 8382 2673 3334 1979 10730 9905 1904 
1430 7257 7891 7244 10607 8766 5018 4034 10041 10570 2716 10189 8379 
1431 8608 6096 6825 3286 3723 8686 8396 8296 3729 7571 3994 6958 
1432 7288 9970 9149 1744 4246 9308 7753 4182 6052 8091 8103 4477 
1433 3063 8404 7645 5155 3447 10523 8713 9673 8957 10762 2755 10041 
1434 8823 3551 8006 10657 10453 3118 8096 4132 4443 8635 4273 4245 
1435 10748 2356 2673 8589 10453 3720 8746 4917 2832 7440 10003 9055 
1436 1903 3648 8397 1452 3656 6661 9001 9476 3039 5161 1641 6127 
1437 5151 3961 4622 8288 3935 8586 2097 4254 10731 8934 6238 5595 
1438 6353 8898 7324 6911 6470 9117 3619 3205 7801 5418 4842 3110 
1439 6802 5147 5751 7908 2673 2741 8821 7321 10968 10338 7246 10981 
1440 9376 8243 2343 5710 4063 6907 8055 5851 6827 3366 9832 5966 
1441 8881 2569 4246 3888 5751 5989 7024 3183 4705 5980 10849 6818 
1442 3661 6942 9619 4104 10216 4479 10774 4197 4106 4090 3392 1840 
1443 4456 9287 4174 10308 8708 5701 10127 4861 10805 9661 9383 8904 
1444 8587 7239 3751 9648 9445 3541 9428 4497 3051 4752 3126 6721 
1445 8894 9352 9003 10197 3325 1850 10269 7976 10726 8009 8216 9598 
1446 2288 5429 5553 6117 4514 10310 5853 11082 3400 6207 9226 5785 
1447 9169 7228 3162 5452 8019 10161 6633 7735 5981 5151 9096 2466 
1448 6413 5696 7677 10449 4563 7884 7124 5039 11064 2057 4609 2315 
1449 2516 6848 3174 10285 2017 2626 7999 4757 5943 6590 2673 3154 
